1 0 0.51805555625 0.01328125 0.5236111109375 0.0765625 0.5236111109375 0.0796875 0.527777778125 0.0875 0.5236111109375 0.09609375 0.527777778125 0.11328125 0.5208333328125 0.12890625 0.525 0.14375 0.525 0.15078125 0.5208333328125 0.1578125 0.5263888890625 0.1734375 0.527777778125 0.2359375 0.527777778125 0.259375 0.5263888890625 0.26875 0.51805555625 0.3 0.5166666671875 0.31015625 0.51805555625 0.31328125 0.525 0.4015625 0.525 0.40703125 0.51805555625 0.42890625 0.51805555625 0.4390625 0.522222221875 0.4578125 0.515277778125 0.48203125 0.5166666671875 0.4859375 0.5236111109375 0.4984375 0.5236111109375 0.50859375 0.51805555625 0.521875 0.51944444375 0.53046875 0.525 0.5609375 0.5236111109375 0.565625 0.51805555625 0.58203125 0.5138888890625 0.5765625 0.5097222218749999 0.4453125 0.5083333328124999 0.44140625 0.5083333328124999 0.309375 0.5138888890625 0 0.5125 0 0.51805555625
1 0.6109375 0.5097222218749999 0.5984375 0.5208333328125 0.6140625 0.525 0.99921875 0.5208333328125 0.99921875 0.50555555625 0.95390625 0.5041666671875 0.95 0.5041666671875 0.8984375 0.50555555625 0.89609375 0.5097222218749999 0.6265625 0.5083333328124999 0.6109375 0.5097222218749999
1 0 0.6138888890625 0.99921875 0.6111111109375 0.99921875 0.602777778125 0.90078125 0.6041666671875 0.9 0.602777778125 0.509375 0.6041666671875 0.37265625 0.609722221875 0 0.6083333328125 0 0.6138888890625
1 0 0.6986111109375 0.26796875 0.6986111109375 0.28984375 0.69305555625 0.30703125 0.6972222218749999 0.31171875 0.69305555625 0.30234375 0.6888888890625 0.28125 0.6888888890625 0.27578125 0.6888888890625 0 0.6916666671875 0 0.6986111109375
1 0.41953125 0.690277778125 0.3578125 0.690277778125 0.35625 0.690277778125 0.34375 0.69305555625 0.353125 0.6986111109375 0.4375 0.6944444437499999 0.41953125 0.690277778125
1 0.8578125 0.6916666671875 0.85390625 0.6875 0.84991953125 0.6875 0.73828125 0.6875 0.72890625 0.6916666671875 0.65390625 0.69305555625 0.8578125 0.6916666671875
1 0.99921875 0.6861111109375 0.921875 0.6861111109375 0.9171875 0.6861111109375 0.9140625 0.6888888890625 0.92265625 0.69305555625 0.99921875 0.69305555625 0.99921875 0.6861111109375
1 0.99921875 0.76805555625 0.7015625 0.76805555625 0.70078125 0.7666666671875 0.684375 0.76805555625 0.68046875 0.7736111109375 0.99921875 0.775 0.99921875 0.76805555625
1 0 0.777777778125 0.31171875 0.7763888890625 0.30078125 0.772222221875 0.15078125 0.7708333328125 0.15 0.7708333328125 0 0.772222221875 0 0.777777778125
1 0.253125 0.8638888890624999 0.2671875 0.859722221875 0.234375 0.85555555625 0.00625 0.852777778125 0.0046875 0.852777778125 0 0.8583333328125 0.02109375 0.8625 0.14921875 0.8638888890624999 0.253125 0.8638888890624999
1 0.99921875 0.8513888890624999 0.88671875 0.8513888890624999 0.88125 0.8513888890624999 0.7046875 0.85694444375 0.70859375 0.8611111109375 0.99921875 0.8583333328125 0.99921875 0.8513888890624999
1 0.11875 0.925 0.11484375 0.9291666671875 0.1125 0.925 0.10703125 0.9291666671875 0.09609375 0.925 0.0828125 0.9291666671875 0.07578125 0.9236111109375 0.05234375 0.9236111109375 0.05234375 0.9291666671875 0.05078125 0.925 0.04453125 0.9236111109375 0.03671875 0.9291666671875 0.0328125 0.925 0.021875 0.9361111109375001 0.01171875 0.9361111109375001 0.01328125 0.9305555562500001 0.00390625 0.925 0 0.9291666671875 0.00703125 0.934722221875 0 0.9388888890624999 0.00546875 0.9444444437499999 0.13828125 0.9458333328125 0.1546875 0.934722221875 0.1515625 0.91805555625 0.1484375 0.91805555625 0.13828125 0.9236111109375 0.12734375 0.922222221875 0.12265625 0.9291666671875 0.11875 0.925
1 0.73203125 0.94305555625 0.8640625 0.9444444437499999 0.99921875 0.9388888890624999 0.99921875 0.93194444375 0.953125 0.9305555562500001 0.95 0.9305555562500001 0.8609375 0.9361111109375001 0.7515625 0.9361111109375001 0.734375 0.9375 0.73203125 0.94305555625
0 0.49375 0.852777778125 0.4921875 0.8625 0.48125 0.8666666671875 0.46875 0.8875 0.4546875 0.89305555625 0.42109375 0.89444444375 0.4078125 0.922222221875 0.39609375 0.9236111109375 0.425 0.9986111109375001 0.5484375 0.9986111109375001 0.54921875 0.9833333328125 0.54296875 0.9625 0.5421875 0.9388888890624999 0.5484375 0.93194444375 0.55859375 0.9458333328125 0.56015625 0.9541666671875 0.56875 0.9541666671875 0.57890625 0.934722221875 0.58046875 0.91805555625 0.584375 0.9111111109375001 0.58203125 0.9041666671874999 0.5828125 0.877777778125 0.56796875 0.8583333328125 0.5609375 0.8625 0.553125 0.8583333328125 0.55078125 0.852777778125 0.54921875 0.827777778125 0.5453125 0.8222222218749999 0.54453125 0.8222222218749999 0.52109375 0.8416666671874999 0.51328125 0.8388888890624999 0.50234375 0.8430555562500001 0.49375 0.852777778125
0 0.36484375 0.9986111109375001 0.35703125 0.9416666671874999 0.35703125 0.934722221875 0.353125 0.9416666671874999 0.34765625 0.975 0.33359375 0.9986111109375001 0.36484375 0.9986111109375001
3 0.9375 0.40416666718750005 0.93515625 0.40833333281249995 0.93828125 0.41944444374999995 0.93515625 0.434722221875 0.93828125 0.4361111109375 0.9390625 0.45 0.94609375 0.4583333328125 0.95390625 0.45555555625000005 0.95859375 0.440277778125 0.9703125 0.43333333281249997 0.99296875 0.43194444374999996 0.99921875 0.4263888890625 0.99921875 0.35972222187499997 0.99296875 0.352777778125 0.9953125 0.34444444375 0.99921875 0.3416666671875 0.99921875 0.33055555625 0.975 0.33055555625 0.96796875 0.33055555625 0.94609375 0.34027777812500004 0.9375 0.352777778125 0.93828125 0.3888888890625 0.9375 0.40416666718750005
2 0.2953125 0.6541666671875 0.29765625 0.640277778125 0.3046875 0.6333333328124999 0.30390625 0.6291666671875 0.29921875 0.6291666671875 0.29375 0.622222221875 0.2890625 0.622222221875 0.27890625 0.640277778125 0.27890625 0.6458333328125 0.28671875 0.6625 0.2953125 0.6541666671875