1 0 0.5236111109375 0.0078125 0.527777778125 0.096875 0.527777778125 0.10703125 0.5208333328125 0.12265625 0.51944444375 0.12578125 0.5263888890625 0.1328125 0.527777778125 0.1453125 0.522222221875 0.16328125 0.527777778125 0.2859375 0.527777778125 0.30390625 0.5236111109375 0.4296875 0.5263888890625 0.4453125 0.51805555625 0.45546875 0.5208333328125 0.47890625 0.515277778125 0.4859375 0.5208333328125 0.49765625 0.5166666671875 0.50572890625 0.525 0.5265625 0.525 0.53984375 0.515277778125 0.56015625 0.515277778125 0.5640625 0.5208333328125 0.6044273437500001 0.515277778125 0.62734375 0.5236111109375 0.99921875 0.5208333328125 0.99921875 0.50555555625 0.93671875 0.5041666671875 0.13125 0.515277778125 0.0078125 0.5125 0 0.5138888890625 0 0.5236111109375
1 0 0.6138888890625 0.33125 0.6166666671875001 0.50390625 0.6111111109375 0.99921875 0.6111111109375 0.99921875 0.602777778125 0.95625 0.6013888890625 0.75546875 0.60555555625 0.528125 0.602777778125 0.3421875 0.609722221875 0 0.6083333328125 0 0.6138888890625
1 0 0.6972222218749999 0.27265625 0.6958333328124999 0.2671875 0.6916666671875 0 0.6916666671875 0 0.6972222218749999
1 0.70078125 0.6958333328124999 0.7169921875 0.6958333328124999 0.725 0.6888888890625 0.72509765625 0.6958333328124999 0.99921875 0.6944444437499999 0.99921875 0.6875 0.99609375 0.6861111109375 0.8395835937499999 0.6875 0.8386367187499999 0.6944444437499999 0.8346234375 0.6944444437499999 0.83046875 0.6861111109375 0.6453125 0.690277778125 0.640625 0.69305555625 0.6859375 0.6958333328124999 0.6953125 0.690277778125 0.70078125 0.6958333328124999
1 0.609375 0.690277778125 0.6140625 0.6958333328124999 0.62890625 0.69305555625 0.61484375 0.6888888890625 0.5640625 0.690277778125 0.5640625 0.6944444437499999 0.59140625 0.6958333328124999 0.60885390625 0.6944444437499999 0.609375 0.690277778125
1 0.37578125 0.7763888890625 0.15234375 0.772222221875 0.14444218749999999 0.7791666671875 0.14348984375 0.772222221875 0.00859375 0.7736111109375 0.00859375 0.7791666671875 0.15703125 0.7819444437499999 0.35859375 0.7819444437499999 0.37578125 0.7763888890625
1 0.99921875 0.76805555625 0.778125 0.7666666671875 0.76640625 0.7708333328125 0.7671875 0.7763888890625 0.775 0.777777778125 0.99921875 0.775 0.99921875 0.76805555625
1 0.48203125 0.76805555625 0.4765625 0.772222221875 0.4234375 0.7736111109375 0.4234375 0.777777778125 0.42890625 0.7791666671875 0.5328125 0.7791666671875 0.55479921875 0.777777778125 0.55740315625 0.7735278609375 0.48359375 0.772222221875 0.48203125 0.76805555625
1 0.5640625 0.7791666671875 0.62890625 0.7791666671875 0.640625 0.775 0.558402428125 0.7735455375 0.55903984375 0.777777778125 0.5640625 0.7791666671875
1 0.37265625 0.8611111109375 0.353125 0.85555555625 0.01804140625 0.8541666671874999 0.0015625 0.847222221875 0 0.859722221875 0.0125 0.8625 0.2046875 0.8652777781250001 0.37265625 0.8611111109375
1 0.99140625 0.8611111109375 0.99921875 0.859722221875 0.99921875 0.85 0.79453125 0.85555555625 0.79609375 0.8625 0.81015625 0.8680555562500001 0.8140625 0.8638888890624999 0.99140625 0.8611111109375
1 0.99921875 0.93194444375 0.82109375 0.9375 0.82265625 0.94305555625 0.95703125 0.94305555625 0.996875 0.940277778125 0.99921875 0.93194444375
1 0.11155703125000001 0.94305555625 0.113671875 0.9388888890624999 0.1155171875 0.94305555625 0.146875 0.9444444437499999 0.15 0.9486111109375001 0.17734375 0.940277778125 0.178125 0.9444444437499999 0.2421875 0.94305555625 0.16328125 0.9375 0.15859375 0.9291666671875 0.1578125 0.91805555625 0.15 0.9277777781250001 0.14765625 0.9375 0.0046875 0.9375 0.00859375 0.94305555625 0.10363671875 0.94305555625 0.109375 0.9388888890624999 0.11155703125000001 0.94305555625
0 0.659375 0.9611111109375001 0.6703125 0.9055555562500001 0.67109375 0.875 0.665625 0.8708333328125001 0.6484375 0.9013888890624999 0.63671875 0.9138888890624999 0.61796875 0.9111111109375001 0.603125 0.9236111109375 0.60078125 0.93194444375 0.57578125 0.95 0.5234375 0.9513888890625 0.515625 0.9791666671874999 0.509375 0.984722221875 0.49453125 0.9791666671874999 0.4734375 0.95694444375 0.47578125 0.9708333328125001 0.4890625 0.9986111109375001 0.65546875 0.9986111109375001 0.659375 0.9611111109375001
0 0.15 0.9986111109375001 0.1546875 0.9986111109375001 0.1546875 0.9472222218749999 0.159375 0.91805555625 0.15 0.915277778125 0.15 0.9375 0.146875 0.94305555625 0.15 0.952777778125 0.15 0.9986111109375001
2 0.2671875 0.672222221875 0.26796875 0.6875 0.275 0.6972222218749999 0.2859375 0.6972222218749999 0.29453125 0.6888888890625 0.3 0.6944444437499999 0.31875 0.6944444437499999 0.32421875 0.6888888890625 0.3375 0.6944444437499999 0.34609375 0.6791666671875001 0.34140625 0.66944444375 0.34140625 0.6513888890625 0.33203125 0.6555555562500001 0.3234375 0.640277778125 0.3296875 0.6236111109375 0.32890625 0.6180555562500001 0.309375 0.622222221875 0.30390625 0.627777778125 0.290625 0.622222221875 0.27890625 0.6375 0.28203125 0.6611111109375 0.27578125 0.66944444375 0.27109375 0.665277778125 0.2671875 0.672222221875
3 0.9421875 0.447222221875 0.9515625 0.447222221875 0.9546875 0.4375 0.96875 0.43194444374999996 0.99921875 0.43055555625 0.99921875 0.33055555625 0.95625 0.3333333328125 0.9453125 0.34027777812500004 0.9328125 0.35972222187499997 0.93203125 0.372222221875 0.9359375 0.3763888890625 0.93359375 0.434722221875 0.9421875 0.447222221875