1 0 0.51944444375 0.00859375 0.527777778125 0.09609375 0.527777778125 0.11015625 0.51944444375 0.152059375 0.51944444375 0.165625 0.527777778125 0.4359375 0.5263888890625 0.4796875 0.5138888890625 0.4734375 0.5097222218749999 0.1453125 0.5111111109375 0 0.5125 0 0.51944444375
1 0.5125 0.525 0.56015625 0.525 0.58671875 0.515277778125 0.60703125 0.515277778125 0.6109375 0.5208333328125 0.62734375 0.5236111109375 0.99921875 0.5208333328125 0.99921875 0.5041666671875 0.48671875 0.5125 0.5015625 0.5236111109375 0.5125 0.525
1 0 0.6152777781250001 0.99921875 0.6111111109375 0.99921875 0.602777778125 0.51640625 0.6041666671875 0.33984375 0.609722221875 0 0.60694444375 0 0.6152777781250001
1 0 0.6986111109375 0.26953125 0.6972222218749999 0.2671875 0.6916666671875 0 0.6916666671875 0 0.6986111109375
1 0.99921875 0.69305555625 0.99921875 0.6875 0.5984375 0.690277778125 0.5953125 0.69305555625 0.99921875 0.69305555625
1 0 0.7791666671875 0.06015625 0.7805555562500001 0.06328125 0.7861111109375 0.13984375 0.7833333328125 0.1578125 0.7888888890625 0.18046875 0.7833333328125 0.3296875 0.784722221875 0.3609375 0.7791666671875 0.35703125 0.775 0.1109375 0.772222221875 0 0.7736111109375 0 0.7791666671875
1 0.5734375 0.7791666671875 0.578125 0.775 0.41484375 0.775 0.4140625 0.7791666671875 0.5734375 0.7791666671875
1 0.7640625 0.777777778125 0.99921875 0.7763888890625 0.99921875 0.76805555625 0.76015625 0.772222221875 0.75859375 0.775 0.7640625 0.777777778125
1 0 0.859722221875 0.00546875 0.8625 0.0625 0.8652777781250001 0.28359375 0.8652777781250001 0.3 0.8611111109375 0.00234375 0.847222221875 0 0.847222221875 0 0.859722221875
1 0.78515625 0.8611111109375 0.99921875 0.8583333328125 0.99921875 0.8513888890624999 0.9625 0.85 0.78515625 0.8541666671874999 0.7828125 0.85555555625 0.78515625 0.8611111109375
1 0.14046875 0.9444444437499999 0.14921875 0.9486111109375001 0.19296875 0.94305555625 0.15234375 0.9361111109375001 0.003125 0.9375 0.0046875 0.94305555625 0.14046875 0.9444444437499999
1 0.1515625 0.95 0.15546875 0.94305555625 0.15234375 0.9305555562500001 0.1546875 0.91944444375 0.15 0.915277778125 0.14921875 0.9444444437499999 0.1515625 0.95
1 0.15 0.9986111109375001 0.15390625 0.9986111109375001 0.15390625 0.98194444375 0.15 0.975 0.15 0.9986111109375001
1 0.81328125 0.94305555625 0.90546875 0.94305555625 0.9890625 0.940277778125 0.99921875 0.9388888890624999 0.99921875 0.9333333328125001 0.81328125 0.9375 0.8109375 0.9388888890624999 0.81328125 0.94305555625
3 0.93359375 0.434722221875 0.94140625 0.447222221875 0.9515625 0.4486111109375 0.9578125 0.43333333281249997 0.99296875 0.427777778125 0.99921875 0.415277778125 0.99921875 0.33055555625 0.9546875 0.334722221875 0.9390625 0.34722222187499996 0.93125 0.3611111109375 0.9359375 0.40277777812500004 0.93359375 0.434722221875
2 0.30234375 0.6291666671875 0.29453125 0.622222221875 0.28515625 0.6263888890625 0.27890625 0.6458333328125 0.28203125 0.65 0.2828125 0.6625 0.28828125 0.66944444375 0.27109375 0.665277778125 0.26640625 0.6805555562500001 0.26875 0.6916666671875 0.2734375 0.6972222218749999 0.28359375 0.6986111109375 0.2953125 0.6875 0.30234375 0.6958333328124999 0.31015625 0.684722221875 0.31484375 0.6944444437499999 0.32578125 0.6888888890625 0.33203125 0.6958333328124999 0.340625 0.69305555625 0.34609375 0.6805555562500001 0.34296875 0.6708333328125 0.34296875 0.6541666671875 0.33671875 0.6513888890625 0.3296875 0.6611111109375 0.3203125 0.65 0.33046875 0.622222221875 0.328125 0.6152777781250001 0.32421875 0.6152777781250001 0.30859375 0.622222221875 0.30234375 0.6291666671875
0 0.62578125 0.8791666671874999 0.615625 0.8847222218749999 0.603125 0.8819444437499999 0.59296875 0.8888888890625 0.5828125 0.902777778125 0.57578125 0.902777778125 0.54765625 0.91944444375 0.52109375 0.922222221875 0.51328125 0.915277778125 0.50625 0.91805555625 0.48984375 0.952777778125 0.47421875 0.9472222218749999 0.45859375 0.9277777781250001 0.45703125 0.93194444375 0.471875 0.9666666671874999 0.490625 0.9986111109375001 0.63359375 0.9986111109375001 0.63359375 0.9694444437499999 0.6375 0.9375 0.6546875 0.85694444375 0.65390625 0.83194444375 0.65390625 0.83055555625 0.64609375 0.8361111109375001 0.62578125 0.8791666671874999
0 0.4296875 0.9986111109375001 0.42734375 0.972222221875 0.42734375 0.9708333328125001 0.41953125 0.9986111109375001 0.4296875 0.9986111109375001