1 0.62890625 0.5166666671875 0.6515625 0.5236111109375 0.99921875 0.5208333328125 0.99921875 0.50555555625 0.89921875 0.50555555625 0.884375 0.5111111109375 0.48984375 0.5111111109375 0.48671875 0.5138888890625 0.50859375 0.525 0.58359375 0.525 0.62890625 0.5166666671875
1 0 0.525 0.4390625 0.5263888890625 0.478125 0.5138888890625 0.1265625 0.5125 0 0.5138888890625 0 0.525
1 0 0.6152777781250001 0.99921875 0.6111111109375 0.99921875 0.602777778125 0.5078125 0.6041666671875 0 0.6083333328125 0 0.6152777781250001
1 0 0.6972222218749999 0.2828125 0.6958333328124999 0.2703125 0.690277778125 0.03515625 0.690277778125 0 0.6916666671875 0 0.6972222218749999
1 0.99921875 0.6875 0.99609375 0.6861111109375 0.5265625 0.690277778125 0.52421875 0.69305555625 0.52890625 0.6958333328124999 0.99921875 0.6944444437499999 0.99921875 0.6875
1 0 0.7791666671875 0.2828125 0.7833333328125 0.45625 0.7791666671875 0.4609375 0.775 0.1421875 0.772222221875 0 0.7736111109375 0 0.7791666671875
1 0.99921875 0.775 0.99921875 0.76805555625 0.86875 0.76805555625 0.8609375 0.7708333328125 0.86640625 0.7763888890625 0.88359375 0.777777778125 0.99921875 0.775
1 0.65234375 0.7708333328125 0.525 0.772222221875 0.525 0.777777778125 0.5640625 0.7791666671875 0.6765625 0.775 0.65234375 0.7708333328125
1 0.35078125 0.8611111109375 0.00234375 0.8541666671874999 0 0.859722221875 0.04296875 0.8652777781250001 0.33671875 0.8652777781250001 0.35078125 0.8611111109375
1 0.99921875 0.859722221875 0.99921875 0.85 0.88984375 0.85555555625 0.89140625 0.8611111109375 0.9046875 0.8625 0.98984375 0.8611111109375 0.99921875 0.859722221875
1 0.15078125 0.9486111109375001 0.30625 0.94305555625 0.153125 0.9333333328125001 0.13880234375 0.9375 0.00546875 0.9361111109375001 0.00234375 0.9375 0.00390625 0.94305555625 0.01171875 0.9444444437499999 0.15078125 0.9486111109375001
1 0.99921875 0.93194444375 0.9171875 0.9361111109375001 0.915625 0.9388888890624999 0.92109375 0.94305555625 0.99921875 0.940277778125 0.99921875 0.93194444375
0 0.74375 0.9986111109375001 0.75078125 0.95 0.771875 0.8736111109375001 0.7734375 0.852777778125 0.77109375 0.847222221875 0.7671875 0.8486111109375001 0.74375 0.8958333328125001 0.72578125 0.9069444437499999 0.7140625 0.9055555562500001 0.69765625 0.9208333328125 0.6828125 0.9166666671874999 0.64921875 0.9305555562500001 0.6296875 0.9291666671875 0.61796875 0.91944444375 0.603125 0.9388888890624999 0.603125 0.9458333328125 0.59609375 0.9583333328125001 0.58046875 0.9513888890625 0.57109375 0.9388888890624999 0.54453125 0.877777778125 0.54296875 0.897222221875 0.5484375 0.9138888890624999 0.59375 0.9986111109375001 0.74375 0.9986111109375001
0 0.52421875 0.9791666671874999 0.52109375 0.9986111109375001 0.53671875 0.9986111109375001 0.53671875 0.972222221875 0.52421875 0.9791666671874999
0 0.3375 0.9930555562500001 0.33359375 0.984722221875 0.309375 0.9833333328125 0.30625 0.984722221875 0.30703125 0.9986111109375001 0.33515625 0.9986111109375001 0.3375 0.9930555562500001
3 0.94296875 0.43055555625 0.9625 0.4361111109375 0.99921875 0.4291666671875 0.99921875 0.3611111109375 0.99453125 0.3541666671875 0.99609375 0.34305555625 0.99921875 0.3416666671875 0.99921875 0.33055555625 0.9625 0.33194444375 0.9390625 0.34722222187499996 0.93125 0.35972222187499997 0.93125 0.3736111109375 0.9390625 0.4236111109375 0.94296875 0.43055555625
2 0.27265625 0.6958333328124999 0.33828125 0.6944444437499999 0.34921875 0.6805555562500001 0.34453125 0.652777778125 0.32890625 0.63055555625 0.33203125 0.622222221875 0.328125 0.6166666671875001 0.3046875 0.627777778125 0.2890625 0.622222221875 0.27890625 0.6388888890625 0.27734375 0.6638888890625 0.2671875 0.6708333328125 0.2671875 0.684722221875 0.27265625 0.6958333328124999
2 0.44609375 0.6611111109375 0.44375 0.6555555562500001 0.4109375 0.6555555562500001 0.4046875 0.6375 0.4046875 0.622222221875 0.3984375 0.622222221875 0.390625 0.6347222218749999 0.3671875 0.6875 0.36875 0.69305555625 0.42890625 0.6916666671875 0.44609375 0.6611111109375