2 0 0.115277778125 0.015625 0.12222222187500001 0.02890625 0.11944444375 0.03203125 0.0888888890625 0.0265625 0.077777778125 0 0.077777778125 0 0.115277778125
2 0.06796875 0.11944444375 0.13203125 0.1208333328125 0.140625 0.10694444375 0.1390625 0.08194444375 0.14140625 0.075 0.07265625 0.084722221875 0.065625 0.0986111109375 0.0640625 0.115277778125 0.06796875 0.11944444375
2 0.184375 0.11944444375 0.20234375 0.13055555624999998 0.2046875 0.147222221875 0.20703125 0.1458333328125 0.234375 0.184722221875 0.240625 0.1861111109375 0.24765625 0.177777778125 0.25546875 0.15694444375 0.275 0.1375 0.28046875 0.12361111093749999 0.30859375 0.11805555625 0.30625 0.0888888890625 0.309375 0.075 0.31796875 0.0666666671875 0.3140625 0.058333332812500006 0.296875 0.06805555625000001 0.29296875 0.0625 0.27265625 0.077777778125 0.1921875 0.07638888906249999 0.18671875 0.08333333281250001 0.18125 0.097222221875 0.184375 0.11944444375
2 0.49296875 0.11805555625 0.6015625 0.115277778125 0.61484375 0.1208333328125 0.621875 0.115277778125 0.634375 0.115277778125 0.6421875 0.1208333328125 0.73984375 0.1208333328125 0.7625 0.1111111109375 0.759375 0.0986111109375 0.75390625 0.09305555625 0.7484375 0.075 0.74765625 0.05694444375 0.74453125 0.054166667187499996 0.7359375 0.058333332812500006 0.7328125 0.06944444375 0.721875 0.0736111109375 0.6875 0.072222221875 0.671875 0.077777778125 0.6625 0.06944444375 0.62890625 0.0736111109375 0.61875 0.06527777812499999 0.6078125 0.0666666671875 0.59921875 0.061111110937500004 0.5953125 0.0513888890625 0.58984375 0.0513888890625 0.578125 0.06944444375 0.5484375 0.0736111109375 0.53828125 0.0638888890625 0.52109375 0.058333332812500006 0.5203125 0.0486111109375 0.5234375 0.04444444375 0.5171875 0.0375 0.5015625 0.05694444375 0.5 0.07638888906249999 0.4921875 0.1 0.490625 0.1125 0.49296875 0.11805555625
2 0.78203125 0.084722221875 0.78125 0.11388888906250001 0.7890625 0.1208333328125 0.8015625 0.1125 0.84609375 0.11805555625 0.85625 0.109722221875 0.86484375 0.0916666671875 0.86484375 0.08194444375 0.85859375 0.08333333281250001 0.84921875 0.06944444375 0.84140625 0.0388888890625 0.790625 0.05 0.77734375 0.07083333281250001 0.7765625 0.07638888906249999 0.78203125 0.084722221875
2 0.41484375 0.115277778125 0.42421875 0.11805555625 0.43125 0.11388888906250001 0.44296875 0.11944444375 0.45390625 0.1111111109375 0.459375 0.11388888906250001 0.47578125 0.1 0.475 0.09444444375 0.46328125 0.08333333281250001 0.46015625 0.072222221875 0.4390625 0.0791666671875 0.43515625 0.09444444375 0.41484375 0.115277778125
2 0.39375 0.11944444375 0.403125 0.10694444375 0.3953125 0.0986111109375 0.39609375 0.08333333281250001 0.39375 0.0791666671875 0.3734375 0.075 0.3734375 0.0625 0.36875 0.061111110937500004 0.36640625 0.07638888906249999 0.35625 0.09305555625 0.3359375 0.11388888906250001 0.33671875 0.11805555625 0.39375 0.11944444375
2 0 0.28055555625 0.00546875 0.28055555625 0.01328125 0.290277778125 0.04609375 0.2875 0.0609375 0.28055555625 0.07421875 0.2888888890625 0.153125 0.2833333328125 0.2375 0.28611111093749997 0.25390625 0.28194444375 0.27578125 0.2875 0.325 0.28194444375 0.3296875 0.2875 0.38515625 0.2833333328125 0.3953125 0.290277778125 0.41640625 0.2875 0.4234375 0.322222221875 0.43046875 0.3166666671875 0.43515625 0.322222221875 0.44609375 0.2875 0.4515625 0.28472222187499996 0.46171875 0.2888888890625 0.50234375 0.28194444375 0.52734375 0.2875 0.58046875 0.2875 0.5953125 0.28055555625 0.603125 0.2875 0.62421875 0.2875 0.6296875 0.3166666671875 0.63515625 0.32083333281250004 0.64296875 0.3138888890625 0.64765625 0.2958333328125 0.65625 0.28611111093749997 0.7359375 0.28611111093749997 0.7453125 0.2638888890625 0.740625 0.24583333281250003 0.721875 0.2236111109375 0.725 0.215277778125 0.721875 0.20694444375 0.709375 0.2138888890625 0.65 0.20694444375 0.62890625 0.2166666671875 0.61171875 0.20833333281250002 0.6078125 0.2 0.56015625 0.22900833281250002 0.5328125 0.2 0.5328125 0.21805555625 0.525 0.23611111093749998 0.51875 0.2375 0.50390625 0.22777777812500002 0.4984375 0.21944444375 0.4984375 0.2125 0.48203125 0.2125 0.484375 0.2166666671875 0.4828125 0.22638888906250001 0.46640625 0.23611111093749998 0.44609375 0.2375 0.42734375 0.2638888890625 0.39296875 0.215277778125 0.38046875 0.20972222187499998 0.37265625 0.2125 0.36796875 0.22638888906250001 0.36171875 0.23194444375 0.34140625 0.2125 0.32265625 0.21111111093749999 0.31953125 0.2138888890625 0.321875 0.21944444375 0.31953125 0.22777777812500002 0.29375 0.24583333281250003 0.2875 0.2416666671875 0.2734375 0.24444444375000002 0.2671875 0.2388888890625 0.251171875 0.2416666671875 0.2390625 0.22916666718749998 0.2390625 0.2125 0.23359375 0.2125 0.2265625 0.2236111109375 0.05546875 0.2236111109375 0.03515625 0.24305555625 0.01875 0.2388888890625 0.003125 0.22638888906250001 0 0.22777777812500002 0 0.28055555625
2 0.89296875 0.2875 0.9046875 0.272222221875 0.90390625 0.26527777812500003 0.8984375 0.26805555625 0.8953125 0.2611111109375 0.89765625 0.24305555625 0.90546875 0.23611111093749998 0.90546875 0.2166666671875 0.903125 0.2125 0.8890625 0.23472222187499997 0.87421875 0.24305555625 0.868359375 0.2416666671875 0.86171875 0.23055555625 0.8640625 0.2138888890625 0.8609375 0.21111111093749999 0.853125 0.21944444375 0.84375 0.24583333281250003 0.8359375 0.25694444375000003 0.8203125 0.2388888890625 0.821875 0.23194444375 0.81875 0.2236111109375 0.79453125 0.24305555625 0.7671875 0.2388888890625 0.7578125 0.24722222187499998 0.759375 0.28611111093749997 0.89296875 0.2875
2 0 0.447222221875 0.06875 0.4486111109375 0.07578125 0.4388888890625 0.07578125 0.4291666671875 0.06953125 0.42083333281249996 0.0734375 0.3958333328125 0.071875 0.3875 0.0640625 0.40555555625000006 0.0296875 0.4 0.02109375 0.40416666718750005 0.0140625 0.40277777812500004 0.01328125 0.3916666671875 0.009375 0.3958333328125 0 0.4236111109375 0 0.447222221875
2 0.12265625 0.44166666718750003 0.12578125 0.45 0.14609375 0.44305555625000004 0.1515625 0.4486111109375 0.175 0.45 0.24453125 0.45 0.253125 0.44444444375 0.259375 0.45 0.43203125 0.4486111109375 0.490625 0.4513888890625 0.49921875 0.45694444375 0.5125 0.4458333328125 0.52265625 0.4513888890625 0.653125 0.45277777812500003 0.6578125 0.4583333328125 0.65625 0.48194444374999995 0.6484375 0.5013888890625 0.653125 0.5111111109375 0.6625 0.50555555625 0.67890625 0.45416666718750004 0.69921875 0.45277777812500003 0.7171875 0.44166666718750003 0.7203125 0.4513888890625 0.73984375 0.44305555625000004 0.75078125 0.45277777812500003 0.77578125 0.4513888890625 0.78125 0.4458333328125 0.78828125 0.4513888890625 0.8046875 0.4513888890625 0.81953125 0.44444444375 0.8578125 0.4513888890625 0.91953125 0.4513888890625 0.92734375 0.4458333328125 0.94296875 0.4513888890625 0.953125 0.4388888890625 0.9484375 0.4263888890625 0.95234375 0.4125 0.9515625 0.40277777812500004 0.92578125 0.3986111109375 0.91953125 0.40555555625000006 0.86875 0.41111111093749997 0.86328125 0.40555555625000006 0.83671875 0.40555555625000006 0.8265625 0.4138888890625 0.7984375 0.3958333328125 0.8015625 0.372222221875 0.79609375 0.36666666718749996 0.7734375 0.37075833281250004 0.74609375 0.36805555624999997 0.75 0.372222221875 0.7484375 0.4166666671875 0.73984375 0.42222222187499997 0.72109375 0.4166666671875 0.71640625 0.42222222187499997 0.7125 0.41944444374999995 0.70859375 0.40277777812500004 0.63515625 0.40555555625000006 0.62578125 0.39444444375 0.615625 0.415277778125 0.584375 0.40555555625000006 0.57421875 0.40972222187499996 0.56328125 0.39444444375 0.559375 0.40833333281249995 0.5296875 0.4388888890625 0.5171875 0.40694444374999994 0.50859375 0.40972222187499996 0.50625 0.40416666718750005 0.503125 0.39305555625 0.50546875 0.3875 0.503125 0.372222221875 0.48984375 0.384722221875 0.478125 0.38055555625 0.4703125 0.3888888890625 0.46640625 0.40694444374999994 0.4515625 0.41111111093749997 0.421875 0.40972222187499996 0.4125 0.40277777812500004 0.41328125 0.38055555625 0.40859375 0.372222221875 0.4 0.38055555625 0.3875 0.4125 0.3765625 0.40416666718750005 0.36328125 0.40833333281249995 0.3546875 0.3888888890625 0.35546875 0.375 0.34921875 0.36805555624999997 0.33984375 0.3875 0.234375 0.40416666718750005 0.22890625 0.40416666718750005 0.22421875 0.39305555625 0.21328125 0.40416666718750005 0.2046875 0.40277777812500004 0.20234375 0.42083333281249996 0.1953125 0.41805555625 0.18203125 0.3958333328125 0.18515625 0.384722221875 0.18359375 0.3708333328125 0.16171875 0.3708333328125 0.14921875 0.3791666671875 0.13359375 0.3763888890625 0.128125 0.384722221875 0.13046875 0.4125 0.12265625 0.44166666718750003
2 0.0921875 0.602777778125 0.0796875 0.60694444375 0.0796875 0.6152777781250001 0.14765625 0.6152777781250001 0.1734375 0.60694444375 0.17421875 0.6138888890625 0.32890625 0.6180555562500001 0.8046875 0.6180555562500001 0.86875 0.6166666671875001 0.87421875 0.6138888890625 0.88046875 0.6 0.88046875 0.5958333328125 0.8734375 0.5944444437499999 0.8703125 0.5833333328125 0.87265625 0.5541666671875001 0.66953125 0.55 0.659375 0.5708333328124999 0.61796875 0.5736111109375 0.61015625 0.56805555625 0.58828125 0.5763888890625 0.48203125 0.5541666671875001 0.47734375 0.5694444437499999 0.4703125 0.575 0.46796875 0.5944444437499999 0.45859375 0.6083333328125 0.45234375 0.609722221875 0.4453125 0.6013888890625 0.446875 0.5916666671875 0.43828125 0.575 0.41953125 0.559722221875 0.41953125 0.5541666671875001 0.41171875 0.5541666671875001 0.40546875 0.5625 0.39453125 0.5513888890625 0.3796875 0.5763888890625 0.3671875 0.5791666671875 0.35703125 0.5458333328125 0.3515625 0.5513888890625 0.12265625 0.5555555562500001 0.109375 0.5638888890625 0.10234375 0.575 0.1 0.5708333328124999 0.0953125 0.5736111109375 0.0984375 0.5791666671875 0.0921875 0.602777778125
2 0 0.6152777781250001 0.0640625 0.6152777781250001 0.06875 0.6125 0.07578125 0.5944444437499999 0.0671875 0.5861111109375 0.06796875 0.5638888890625 0.03984375 0.56805555625 0.03359375 0.5625 0.00703125 0.5722222218749999 0 0.584722221875 0 0.6152777781250001
2 0.028125 0.7388888890625 0.00234375 0.7708333328125 0.00234375 0.777777778125 0.02265625 0.7791666671875 0.0328125 0.7736111109375 0.0390625 0.7791666671875 0.0625 0.7805555562500001 0.09296875 0.7763888890625 0.0953125 0.7819444437499999 0.10703125 0.775 0.11328125 0.7805555562500001 0.1578125 0.7805555562500001 0.1796875 0.7916666671875 0.18515625 0.790277778125 0.18828125 0.7819444437499999 0.2 0.7791666671875 0.27890625 0.7791666671875 0.28359375 0.7833333328125 0.29453125 0.7791666671875 0.50234375 0.7805555562500001 0.56015625 0.7833333328125 0.5640625 0.7875 0.78671875 0.7819444437499999 0.80703125 0.775 0.8140625 0.75555555625 0.80703125 0.7416666671875001 0.76875 0.7430555562500001 0.759375 0.7375 0.765625 0.7166666671875 0.76328125 0.70694444375 0.75703125 0.7083333328125 0.74140625 0.7458333328125 0.70390625 0.7236111109375 0.70546875 0.7166666671875 0.69921875 0.70694444375 0.68671875 0.7138888890625 0.425 0.7 0.3828125 0.7126236109375 0.15546875 0.7013888890625 0.146875 0.7194444437499999 0.06171875 0.7180555562500001 0.0453125 0.7 0.040625 0.7013888890625 0.0328125 0.7166666671875 0.028125 0.7388888890625
1 0.2828125 0.702777778125 0.784375 0.7 0.74140625 0.6958333328124999 0.5111296875 0.6958333328124999 0.5110828125 0.7013888890625 0.5032656249999999 0.6958333328124999 0.4718109375 0.6958333328124999 0.46796875 0.7013888890625 0.46171875 0.7013888890625 0.46001562500000004 0.6958333328124999 0.3892421875 0.6958333328124999 0.3890625 0.7 0.3609375 0.6944444437499999 0.16328125 0.6958333328124999 0.1609375 0.7 0.2828125 0.702777778125
1 0 0.6986111109375 0.1484375 0.6972222218749999 0.14375 0.6944444437499999 0 0.6944444437499999 0 0.6986111109375
1 0.3609375 0.872222221875 0.55 0.872222221875 0.56640625 0.8638888890624999 0.46953125 0.859722221875 0.46640625 0.86944444375 0.460546875 0.8708333328125001 0.45078125 0.859722221875 0.1875 0.859722221875 0.18828125 0.8666666671875 0.3609375 0.872222221875
1 0.61015625 0.8708333328125001 0.759375 0.8708333328125001 0.77578125 0.8666666671875 0.77109375 0.8625 0.59453125 0.8625 0.59609375 0.8680555562500001 0.61015625 0.8708333328125001
1 0.10390625 0.8638888890624999 0.1015625 0.859722221875 0.0609375 0.859722221875 0.0625 0.8652777781250001 0.10390625 0.8638888890624999
1 0.94140625 0.7013888890625 0.97109375 0.7013888890625 0.9765625 0.6972222218749999 0.96640625 0.6875 0.93671875 0.690277778125 0.934375 0.6972222218749999 0.94140625 0.7013888890625
1 0.99921875 0.61944444375 0.99921875 0.6125 0.8796875 0.6125 0.87578125 0.6166666671875001 0.99921875 0.61944444375
1 0 0.8652777781250001 0.02421875 0.8611111109375 0.00859375 0.8541666671874999 0 0.8541666671874999 0 0.8652777781250001
1 0.18828125 0.9513888890625 0.253125 0.9513888890625 0.2542796875 0.94305555625 0.26640625 0.9513888890625 0.68046875 0.95 0.6484375 0.9444444437499999 0.41171875 0.9444444437499999 0.33359375 0.9388888890624999 0.17265625 0.9444444437499999 0.1734375 0.9486111109375001 0.18828125 0.9513888890625
1 0 0.9486111109375001 0.15 0.9486111109375001 0.1640625 0.94305555625 0.06796875 0.940277778125 0 0.940277778125 0 0.9486111109375001
1 0.70390625 0.9583333328125001 0.78203125 0.965277778125 0.815625 0.9611111109375001 0.82890625 0.9513888890625 0.8234375 0.9444444437499999 0.77890625 0.940277778125 0.67734375 0.9472222218749999 0.67734375 0.9513888890625 0.70390625 0.9583333328125001
1 0 0.36944444375 0.08125 0.372222221875 0.09921875 0.36805555624999997 0.08125 0.3638888890625 0 0.3638888890625 0 0.36944444375
1 0.75 0.36944444375 0.759375 0.365277778125 0.62578125 0.365277778125 0.6265625 0.36944444375 0.75 0.36944444375
1 0.3765625 0.36944444375 0.3890625 0.365277778125 0.3125 0.3638888890625 0.31328125 0.36805555624999997 0.3765625 0.36944444375
1 0.75859375 0.36805555624999997 0.7046875 0.365277778125 0.68203125 0.36805555624999997 0.75859375 0.36805555624999997
1 0 0.534722221875 0.2359375 0.5361111109375 0.237238025 0.5311787484375 0.03828125 0.527777778125 0 0.5291666671875 0 0.534722221875
1 0.24375 0.5361111109375 0.26953125 0.5361111109375 0.28203125 0.5319444437499999 0.238131846875 0.5311940265625 0.24375 0.5361111109375
1 0.88046875 0.5375 0.99921875 0.534722221875 0.99921875 0.5305555562500001 0.8640625 0.5305555562500001 0.8625 0.534722221875 0.85625 0.5305555562500001 0.78984375 0.5305555562500001 0.7875 0.5333333328125 0.88046875 0.5375
1 0.38671875 0.527777778125 0.2890625 0.5305555562500001 0.2859375 0.5333333328125 0.4575283859375 0.5333333328125 0.45696015624999997 0.5305555562500001 0.38671875 0.527777778125
1 0.46505703125000003 0.5305555562500001 0.46022734375 0.5333333328125 0.62109375 0.5333333328125 0.46505703125000003 0.5305555562500001
1 0.73515625 0.5319444437499999 0.7375 0.5361111109375 0.76171875 0.5319444437499999 0.70703125 0.5305555562500001 0.70390625 0.5333333328125 0.73515625 0.5319444437499999
1 0.61328125 0.2 0.56171875 0.1986111109375 0.5625 0.20277777812500003 0.61328125 0.2
1 0.47578125 0.20138888906250002 0.43828125 0.1986111109375 0.4390625 0.20277777812500003 0.47578125 0.20138888906250002
1 0.55234375 0.2 0.53203125 0.1986111109375 0.5328125 0.20277777812500003 0.55234375 0.2
1 0.70703125 0.20138888906250002 0.6921875 0.1986111109375 0.69296875 0.20277777812500003 0.70703125 0.20138888906250002
1 0.6625 0.2 0.64921875 0.1986111109375 0.65 0.20277777812500003 0.6625 0.2
1 0.63671875 0.2 0.62578125 0.1986111109375 0.6265625 0.20277777812500003 0.63671875 0.2
2 0.6765625 0.2 0.66796875 0.1986111109375 0.66953125 0.20277777812500003 0.6765625 0.2
2 0.49296875 0.20138888906250002 0.48828125 0.1986111109375 0.48515625 0.2 0.49296875 0.20138888906250002
1 0.39609375 0.20416666718749998 0.4 0.2 0.3578125 0.19583333281249998 0.3140625 0.1986111109375 0.31796875 0.20416666718749998 0.39609375 0.20416666718749998