1 0.4484375 0.5166666671875 0.44609375 0.5208333328125 0.45390625 0.5291666671875 0.81484375 0.527777778125 0.8453125 0.522222221875 0.86015625 0.5263888890625 0.90859375 0.5263888890625 0.940625 0.51805555625 0.96640625 0.525 0.99921875 0.525 0.99921875 0.515277778125 0.99453125 0.5111111109375 0.83828125 0.5111111109375 0.8342445312500001 0.5111111109375 0.46171875 0.515277778125 0.4484375 0.5166666671875
1 0 0.525 0.06796875 0.5236111109375 0.1015625 0.5291666671875 0.0921875 0.5319444437499999 0.09375 0.5333333328125 0.43515625 0.5319444437499999 0.43828125 0.5208333328125 0.4359375 0.5166666671875 0.303125 0.5166666671875 0.3015625 0.5166666671875 0 0.51944444375 0 0.525
1 0 0.6208333328125 0.99921875 0.6138888890625 0.99921875 0.6083333328125 0.88828125 0.6083333328125 0.88359375 0.6083333328125 0.71484375 0.6125 0 0.6138888890625 0 0.6208333328125
1 0 0.70555555625 0.134375 0.70555555625 0.175 0.7013888890625 0.08125 0.6972222218749999 0.07890625 0.6972222218749999 0 0.6986111109375 0 0.70555555625
1 0 0.7875 0.42578125 0.7875 0.51015625 0.7861111109375 0.52890625 0.7819444437499999 0.5140625 0.7791666671875 0.51328125 0.777777778125 0.0640625 0.7791666671875 0 0.7805555562500001 0 0.7875
1 0.86875 0.7736111109375 0.859375 0.7791666671875 0.865625 0.7833333328125 0.99921875 0.7805555562500001 0.99921875 0.7736111109375 0.99453125 0.772222221875 0.9015625 0.772222221875 0.9 0.772222221875 0.8765625 0.7763888890625 0.86875 0.7736111109375
1 0.63828125 0.7833333328125 0.75 0.7805555562500001 0.74765625 0.7763888890625 0.73359375 0.775 0.67109375 0.775 0.6669273437500001 0.775 0.634375 0.7791666671875 0.63828125 0.7833333328125
1 0 0.86944444375 0.69140625 0.86944444375 0.7140625 0.8652777781250001 0.7046875 0.859722221875 0.60546875 0.8611111109375 0.5875 0.85694444375 0.55625 0.85694444375 0.54453125 0.8611111109375 0.41640625 0.8583333328125 0.415625 0.85694444375 0.334375 0.8611111109375 0.11015625 0.8583333328125 0.10390625 0.8625 0.09609375 0.8583333328125 0.075 0.8625 0.02421875 0.8625 0 0.8583333328125 0 0.86944444375
1 0.9828125 0.8652777781250001 0.99921875 0.8666666671875 0.99921875 0.8541666671874999 0.98359375 0.8541666671874999 0.98203125 0.8541666671874999 0.98046875 0.8611111109375 0.9828125 0.8652777781250001
1 0 0.9486111109375001 0.090625 0.952777778125 0.31484375 0.952777778125 0.65 0.9513888890625 0.65703125 0.9472222218749999 0.61953125 0.94305555625 0.46328125 0.9416666671874999 0.10703125 0.9444444437499999 0.09609375 0.940277778125 0.0953125 0.940277778125 0.0875 0.95 0.084375 0.9444444437499999 0.0484375 0.9416666671874999 0 0.9416666671874999 0 0.9486111109375001
1 0.0875 0.9 0.08671875 0.997222221875 0.0953125 0.9986111109375001 0.0953125 0.9277777781250001 0.09375 0.9111111109375001 0.09140625 0.9083333328125001 0.09140625 0.8916666671875 0.09375 0.8875 0.09140625 0.8763888890624999 0.09375 0.8680555562500001 0.08828125 0.8611111109375 0.08671875 0.8611111109375 0.084375 0.8638888890624999 0.0875 0.9
1 0.08515625 0.7986111109375 0.090625 0.8125 0.09453125 0.809722221875 0.09453125 0.784722221875 0.0921875 0.7791666671875 0.09140625 0.777777778125 0.08515625 0.7861111109375 0.08515625 0.7986111109375
1 0.090625 0.7458333328125 0.09296875 0.7416666671875001 0.0921875 0.7125 0.09140625 0.7111111109375 0.08828125 0.7236111109375 0.090625 0.7458333328125
1 0.08828125 0.6777777781250001 0.09140625 0.684722221875 0.09140625 0.6583333328125 0.090625 0.6583333328125 0.08828125 0.6611111109375 0.08828125 0.6777777781250001
3 0.940625 0.315277778125 0.92890625 0.3263888890625 0.90390625 0.33055555625 0.88515625 0.3416666671875 0.87265625 0.3541666671875 0.86875 0.3611111109375 0.86875 0.3736111109375 0.87265625 0.384722221875 0.87109375 0.415277778125 0.8828125 0.4263888890625 0.8828125 0.447222221875 0.88828125 0.4486111109375 0.89765625 0.440277778125 0.915625 0.4375 0.99921875 0.4458333328125 0.99921875 0.3166666671875 0.9859375 0.309722221875 0.9828125 0.3013888890625 0.97265625 0.3013888890625 0.96953125 0.3013888890625 0.96640625 0.3125 0.940625 0.315277778125
0 0.940625 0.99444444375 0.9375 0.9986111109375001 0.99921875 0.9986111109375001 0.99921875 0.98055555625 0.99296875 0.98194444375 0.9828125 0.9708333328125001 0.98203125 0.9708333328125001 0.95234375 0.997222221875 0.940625 0.99444444375
0 0.8921875 0.9694444437499999 0.91015625 0.9986111109375001 0.92578125 0.9986111109375001 0.92421875 0.9902777781250001 0.90625 0.965277778125 0.8890625 0.9305555562500001 0.88828125 0.9291666671875 0.8875 0.9583333328125001 0.8921875 0.9694444437499999
2 0.203125 0.6916666671875 0.20859375 0.702777778125 0.2703125 0.7013888890625 0.28203125 0.6805555562500001 0.27734375 0.6777777781250001 0.2796875 0.66944444375 0.27734375 0.6569444437499999 0.265625 0.6625 0.2609375 0.64305555625 0.26484375 0.6319444437499999 0.2640625 0.6236111109375 0.24765625 0.6263888890625 0.2375 0.6347222218749999 0.22265625 0.6291666671875 0.21328125 0.6458333328125 0.203125 0.6763888890625 0.203125 0.6916666671875
2 0.4 0.7 0.47109375 0.7 0.478125 0.7180555562500001 0.4703125 0.73194444375 0.4703125 0.747222221875 0.478125 0.73194444375 0.4859375 0.7333333328125 0.48984375 0.727777778125 0.49375 0.7111111109375 0.50390625 0.6986111109375 0.5265625 0.7 0.5328125 0.6958333328124999 0.54453125 0.7013888890625 0.55234375 0.6944444437499999 0.55546875 0.7 0.65390625 0.6972222218749999 0.6578125 0.7013888890625 0.671875 0.69305555625 0.67265625 0.6861111109375 0.67265625 0.6763888890625 0.6671875 0.6611111109375 0.6734375 0.6458333328125 0.671875 0.6291666671875 0.665625 0.63055555625 0.6625 0.64305555625 0.65234375 0.652777778125 0.634375 0.6541666671875 0.615625 0.6875 0.5984375 0.69305555625 0.58125 0.6611111109375 0.58984375 0.63055555625 0.5875 0.622222221875 0.58359375 0.6208333328125 0.578125 0.6291666671875 0.56953125 0.6555555562500001 0.55703125 0.659722221875 0.54921875 0.6555555562500001 0.53984375 0.659722221875 0.5375 0.6319444437499999 0.53359375 0.622222221875 0.528125 0.6236111109375 0.51484375 0.6555555562500001 0.49296875 0.6583333328125 0.4546875 0.6541666671875 0.44375 0.6375 0.440625 0.622222221875 0.43046875 0.63055555625 0.4140625 0.684722221875 0.4 0.7
2 0.30546875 0.69305555625 0.30625 0.6972222218749999 0.3140625 0.6958333328124999 0.3171875 0.7013888890625 0.3765625 0.7013888890625 0.3890625 0.6916666671875 0.3921875 0.675 0.38359375 0.6611111109375 0.3625 0.6638888890625 0.3453125 0.6541666671875 0.33984375 0.64444444375 0.33984375 0.63055555625 0.3296875 0.6333333328124999 0.3203125 0.665277778125 0.30546875 0.69305555625
2 0.70859375 0.6986111109375 0.71875 0.6763888890625 0.7265625 0.675 0.73359375 0.622222221875 0.7265625 0.61944444375 0.715625 0.6333333328124999 0.7125 0.63055555625 0.7046875 0.6388888890625 0.68359375 0.6972222218749999 0.70859375 0.6986111109375