2 0.2140625 0.6569444437499999 0.21328125 0.66944444375 0.2171875 0.6736111109375 0.21796875 0.684722221875 0.22265625 0.6888888890625 0.2171875 0.6958333328124999 0.20859375 0.6958333328124999 0.20546875 0.6888888890625 0.215625 0.675 0.2046875 0.6708333328125 0.20078125 0.6777777781250001 0.20234375 0.7 0.20859375 0.70555555625 0.2171875 0.70555555625 0.22578125 0.7 0.23203125 0.690277778125 0.234375 0.7013888890625 0.24140625 0.69305555625 0.24453125 0.69305555625 0.2484375 0.7013888890625 0.259375 0.6972222218749999 0.2640625 0.702777778125 0.27109375 0.702777778125 0.275 0.6986111109375 0.28125 0.684722221875 0.27890625 0.6611111109375 0.27109375 0.6569444437499999 0.26015625 0.665277778125 0.25546875 0.6555555562500001 0.26484375 0.63055555625 0.2609375 0.6236111109375 0.25859375 0.6236111109375 0.23984375 0.6333333328124999 0.2203125 0.63055555625 0.2109375 0.6513888890625 0.2140625 0.6569444437499999
2 0.30390625 0.6972222218749999 0.31015625 0.6958333328124999 0.3140625 0.7013888890625 0.34921875 0.7013888890625 0.35390625 0.6958333328124999 0.3640625 0.7 0.36875 0.6944444437499999 0.371875 0.7 0.38046875 0.7013888890625 0.3859375 0.6916666671875 0.3890625 0.6736111109375 0.38046875 0.6611111109375 0.36171875 0.665277778125 0.353125 0.6611111109375 0.34375 0.6666666671875 0.34375 0.652777778125 0.33671875 0.6458333328125 0.33828125 0.63055555625 0.3359375 0.6291666671875 0.33359375 0.6291666671875 0.321875 0.652777778125 0.3140625 0.6791666671875001 0.30546875 0.6888888890625 0.30390625 0.6972222218749999
2 0.55 0.6583333328125 0.54453125 0.6583333328125 0.53671875 0.66944444375 0.5328125 0.66944444375 0.528125 0.6569444437499999 0.5359375 0.63055555625 0.53359375 0.625 0.52890625 0.625 0.515625 0.6569444437499999 0.4875 0.6625 0.48203125 0.6569444437499999 0.47421875 0.6611111109375 0.46875 0.6569444437499999 0.446875 0.6555555562500001 0.43125 0.675 0.43046875 0.66805555625 0.440625 0.63055555625 0.43984375 0.6263888890625 0.434375 0.6263888890625 0.41328125 0.690277778125 0.41953125 0.6986111109375 0.48671875 0.7 0.4890625 0.7041666671875 0.46875 0.7361111109375 0.465625 0.7541666671875 0.4703125 0.7611111109375 0.4828125 0.747222221875 0.49140625 0.7180555562500001 0.5015625 0.6986111109375 0.52578125 0.7 0.53203125 0.69305555625 0.53984375 0.7 0.5515625 0.6944444437499999 0.559375 0.7 0.578125 0.6986111109375 0.5859375 0.684722221875 0.58359375 0.6777777781250001 0.5796875 0.6833333328125 0.5765625 0.6805555562500001 0.57890625 0.6583333328125 0.58359375 0.652777778125 0.58984375 0.63055555625 0.58515625 0.6236111109375 0.5828125 0.6236111109375 0.5703125 0.6569444437499999 0.5625 0.6583333328125 0.55625 0.6666666671875 0.55 0.6583333328125
2 0.703125 0.6583333328125 0.68828125 0.6888888890625 0.6875 0.6972222218749999 0.71171875 0.6972222218749999 0.71640625 0.6805555562500001 0.71875 0.684722221875 0.71796875 0.6958333328124999 0.73203125 0.6972222218749999 0.73125 0.6888888890625 0.74765625 0.66805555625 0.74765625 0.6583333328125 0.7453125 0.6555555562500001 0.7390625 0.6555555562500001 0.73125 0.665277778125 0.72421875 0.6541666671875 0.7328125 0.6333333328124999 0.73203125 0.61944444375 0.728125 0.61944444375 0.7203125 0.6375 0.71328125 0.6333333328124999 0.7078125 0.6375 0.703125 0.6583333328125
2 0.61171875 0.6916666671875 0.60234375 0.6916666671875 0.60078125 0.6958333328124999 0.603125 0.7 0.6125 0.7 0.62265625 0.6916666671875 0.63046875 0.7 0.66171875 0.7 0.66953125 0.6958333328124999 0.67109375 0.6763888890625 0.66484375 0.6763888890625 0.66328125 0.672222221875 0.665625 0.6583333328125 0.67265625 0.6458333328125 0.67109375 0.6291666671875 0.66875 0.6291666671875 0.65546875 0.6541666671875 0.6359375 0.6555555562500001 0.61875 0.6861111109375 0.61171875 0.6916666671875
1 0 0.5361111109375 0.0640625 0.534722221875 0.06640625 0.5319444437499999 0.06328125 0.5291666671875 0.06640625 0.5263888890625 0.07578125 0.5263888890625 0.07578125 0.5305555562500001 0.06953125 0.5319444437499999 0.07421875 0.534722221875 0.67109375 0.5319444437499999 0.77109375 0.5263888890625 0.9 0.527777778125 0.91875 0.5236111109375 0.92265625 0.527777778125 0.99375 0.5263888890625 0.99921875 0.525 0.99921875 0.5111111109375 0.9952179687499999 0.5111111109375 0.525 0.51805555625 0 0.51944444375 0 0.5361111109375
1 0 0.6208333328125 0.3140625 0.622222221875 0.99921875 0.6152777781250001 0.99921875 0.6083333328125 0.99453125 0.60694444375 0.96328125 0.6083333328125 0.9625 0.60694444375 0.26328125 0.6152777781250001 0.2015625 0.6111111109375 0.05625 0.6152777781250001 0 0.6125 0 0.6208333328125
1 0 0.70694444375 0.0765625 0.70555555625 0.09140625 0.7125 0.09375 0.70694444375 0.10859375 0.70555555625 0.21328125 0.7041666671875 0.203125 0.6986111109375 0.0078125 0.6972222218749999 0.00390625 0.6972222218749999 0 0.6972222218749999 0 0.70694444375
1 0.99921875 0.690277778125 0.85 0.6916666671875 0.84921875 0.690277778125 0.81328125 0.69305555625 0.80859375 0.6972222218749999 0.99921875 0.6972222218749999 0.99921875 0.690277778125
1 0 0.7875 0.534375 0.7875 0.6296875 0.7861111109375 0.640625 0.7819444437499999 0.56484375 0.7791666671875 0.5640625 0.777777778125 0.3109375 0.7819444437499999 0 0.7791666671875 0 0.7875
1 0.98828125 0.775 0.96953125 0.7736111109375 0.96640625 0.76944444375 0.9625 0.76944444375 0.9453125 0.775 0.95234375 0.7791666671875 0.9859375 0.7791666671875 0.98828125 0.775
1 0.74765625 0.775 0.7328125 0.7736111109375 0.72734375 0.7736111109375 0.70546875 0.7791666671875 0.71484375 0.784722221875 0.75078125 0.7819444437499999 0.74765625 0.775
1 0 0.8680555562500001 0.71640625 0.86944444375 0.71953125 0.8638888890624999 0.69140625 0.859722221875 0.68125 0.8625 0.665625 0.85694444375 0.6515625 0.8625 0.49375 0.8625 0.45390625 0.8611111109375 0.446875 0.85694444375 0.43125 0.8625 0.275 0.8625 0.25390625 0.8611111109375 0.2515625 0.85694444375 0.24921875 0.8611111109375 0.2265625 0.8611111109375 0.2203125 0.85694444375 0.08046875 0.8583333328125 0.0796875 0.85694444375 0.07578125 0.8625 0.0234375 0.8625 0 0.8583333328125 0 0.8680555562500001
1 0.99921875 0.86944444375 0.99921875 0.85555555625 0.9828125 0.8541666671874999 0.98046875 0.8541666671874999 0.97109375 0.85694444375 0.96953125 0.8625 0.97421875 0.8666666671875 0.99921875 0.86944444375
1 0 0.9486111109375001 0.0984375 0.95555555625 0.66328125 0.952777778125 0.68203125 0.9472222218749999 0.46015625 0.9416666671874999 0.1265625 0.9444444437499999 0.08515625 0.9388888890624999 0.078125 0.9388888890624999 0.07578125 0.94305555625 0 0.9416666671874999 0 0.9486111109375001
1 0.084375 0.8611111109375 0.08046875 0.8652777781250001 0.084375 0.8736111109375001 0.084375 0.9416666671874999 0.08046875 0.95 0.084375 0.9541666671875 0.0859375 0.9986111109375001 0.09609375 0.9986111109375001 0.09375 0.95555555625 0.09609375 0.95 0.09609375 0.8680555562500001 0.08984375 0.8486111109375001 0.08984375 0.8138888890624999 0.09453125 0.8013888890624999 0.09375 0.7875 0.09609375 0.7833333328125 0.09140625 0.777777778125 0.09140625 0.7763888890625 0.07734375 0.7833333328125 0.0828125 0.790277778125 0.08359375 0.8041666671875 0.084375 0.8611111109375
1 0.0890625 0.7402777781250001 0.0875 0.7486111109375 0.09140625 0.747222221875 0.09296875 0.7361111109375 0.09140625 0.7 0.08515625 0.7 0.08203125 0.7013888890625 0.08203125 0.70694444375 0.08671875 0.7125 0.0890625 0.7402777781250001
3 0.9421875 0.3138888890625 0.92734375 0.32083333281250004 0.92109375 0.33055555625 0.91171875 0.3291666671875 0.88984375 0.33888888906250003 0.86875 0.3611111109375 0.86640625 0.36944444375 0.87109375 0.38333333281250004 0.87109375 0.415277778125 0.8765625 0.43055555625 0.87265625 0.45 0.87578125 0.4583333328125 0.88359375 0.46388888906250003 0.90078125 0.46666666718750005 0.90546875 0.46527777812500004 0.90703125 0.459722221875 0.91796875 0.459722221875 0.91953125 0.45555555625000005 0.92109375 0.459722221875 0.92578125 0.459722221875 0.92734375 0.45555555625000005 0.93125 0.459722221875 0.93515625 0.45416666718750004 0.93984375 0.4625 0.9375 0.46666666718750005 0.9546875 0.46666666718750005 0.9515625 0.4625 0.95625 0.459722221875 0.95390625 0.45277777812500003 0.9859375 0.45277777812500003 0.99921875 0.4458333328125 0.99921875 0.32777777812500003 0.9859375 0.3125 0.98203125 0.3013888890625 0.97265625 0.3013888890625 0.96875 0.3013888890625 0.9625 0.30694444375 0.9546875 0.302777778125 0.93515625 0.30555555624999997 0.9421875 0.3138888890625
0 0.99921875 0.9986111109375001 0.99921875 0.977777778125 0.99609375 0.977777778125 0.9859375 0.9888888890624999 0.9703125 0.9930555562500001 0.96484375 0.9986111109375001 0.99921875 0.9986111109375001
0 0.95859375 0.9986111109375001 0.9328125 0.9888888890624999 0.91796875 0.9638888890624999 0.9078125 0.9375 0.9078125 0.9361111109375001 0.9046875 0.95 0.90625 0.9763888890624999 0.91640625 0.9986111109375001 0.95859375 0.9986111109375001
0 0.84140625 0.9930555562500001 0.83515625 0.9986111109375001 0.8484375 0.9986111109375001 0.84765625 0.9930555562500001 0.84140625 0.9930555562500001
0 0.821484375 0.9958333328125001 0.815625 0.9986111109375001 0.83125 0.9986111109375001 0.82578125 0.9958333328125001 0.821484375 0.9958333328125001