1 0 0.527777778125 0.7640625 0.5236111109375 0.8640625 0.51944444375 0.99921875 0.522222221875 0.99921875 0.50555555625 0.90625 0.5041666671875 0.90234375 0.5041666671875 0.88125 0.5083333328124999 0.61015625 0.5083333328124999 0.59296875 0.5138888890625 0.57578125 0.5097222218749999 0.0046875 0.5138888890625 0 0.515277778125 0 0.527777778125
1 0.0078125 0.6083333328125 0 0.6138888890625 0.40390625 0.6166666671875001 0.51328125 0.6111111109375 0.99921875 0.6111111109375 0.99921875 0.602777778125 0.99609375 0.6013888890625 0.94140625 0.6013888890625 0.93828125 0.6013888890625 0.803125 0.60555555625 0.525 0.6041666671875 0.39609375 0.609722221875 0.0078125 0.6083333328125
1 0.0609375 0.6972222218749999 0.14375 0.6986111109375 0.146875 0.7 0.15 0.709722221875 0.15703125 0.7083333328125 0.16015625 0.7 0.16796875 0.6986111109375 0.27265625 0.6972222218749999 0.2671875 0.6916666671875 0.159375 0.6916666671875 0.1546875 0.6875 0.15 0.6875 0.14609375 0.6916666671875 0.04609375 0.69305555625 0.05703125 0.69305555625 0.0609375 0.6972222218749999
1 0 0.6972222218749999 0.04296875 0.6958333328124999 0.03828125 0.6916666671875 0.00859375 0.6916666671875 0.004296875 0.6916666671875 0 0.6916666671875 0 0.6972222218749999
1 0.97890625 0.6861111109375 0.8765625 0.6861111109375 0.8642578125 0.690277778125 0.99921875 0.690277778125 0.97890625 0.6861111109375
1 0.78203125 0.6861111109375 0.73984375 0.6875 0.7296875 0.6916666671875 0.75625 0.6958333328124999 0.85657625625 0.690302859375 0.84921875 0.6875 0.784375 0.6861111109375 0.78203125 0.6861111109375
1 0.72421875 0.6875 0.69140625 0.6875 0.68671875 0.6875 0.540625 0.69305555625 0.65390625 0.6958333328124999 0.72734375 0.6916666671875 0.72421875 0.6875
1 0.1578125 0.7833333328125 0.35 0.7833333328125 0.39609375 0.7791666671875 0.51875 0.7791666671875 0.5296875 0.775 0.52109375 0.76944444375 0.5015625 0.7708333328125 0.48359375 0.7666666671875 0.46953125 0.7666666671875 0.46640625 0.7708333328125 0.45390625 0.7708333328125 0.45 0.7666666671875 0.43671875 0.772222221875 0.39375 0.772222221875 0.38828125 0.7666666671875 0.37890625 0.7666666671875 0.378125 0.7708333328125 0.37421875 0.7666666671875 0.36015625 0.7666666671875 0.35703125 0.7736111109375 0.284375 0.7736111109375 0.26875 0.772222221875 0.26484375 0.7666666671875 0.25390625 0.7666666671875 0.2484375 0.772222221875 0.23671875 0.772222221875 0.23203125 0.7666666671875 0.21640625 0.772222221875 0.21640625 0.7666666671875 0.20859375 0.76805555625 0.20859375 0.772222221875 0.2015625 0.7666666671875 0.19609375 0.76805555625 0.19765625 0.7625 0.1890625 0.7625 0.18046875 0.76944444375 0.16875 0.7666666671875 0.1671875 0.7625 0.15390625 0.7638888890625 0.15078125 0.7583333328124999 0.15 0.7569444437499999 0.14609375 0.7666666671875 0.13984375 0.772222221875 0.128125 0.775 0.1578125 0.7833333328125
1 0.609375 0.7791666671875 0.65859375 0.7791666671875 0.6859375 0.777777778125 0.6984375 0.7708333328125 0.6890625 0.7625 0.68984375 0.76805555625 0.66171875 0.76805555625 0.634375 0.7625 0.63125 0.7666666671875 0.6125 0.7666666671875 0.60546875 0.7611111109375 0.603125 0.7611111109375 0.59921875 0.7666666671875 0.59453125 0.7625 0.5953125 0.775 0.609375 0.7791666671875
1 0.73515625 0.777777778125 0.80703125 0.777777778125 0.82265625 0.7708333328125 0.80625 0.7638888890625 0.76875 0.7666666671875 0.759375 0.7625 0.73671875 0.7666666671875 0.72890625 0.7625 0.728125 0.7625 0.725 0.7666666671875 0.7203125 0.7638888890625 0.71875 0.7708333328125 0.73515625 0.777777778125
1 0 0.7791666671875 0.12265625 0.7819444437499999 0.1265625 0.777777778125 0.11875 0.7708333328125 0.09140625 0.7736111109375 0.0015625 0.76944444375 0 0.76944444375 0 0.7791666671875
1 0.9546875 0.7763888890625 0.99921875 0.775 0.99921875 0.765277778125 0.9953125 0.7638888890625 0.98984375 0.7666666671875 0.9625 0.7625 0.95625 0.7666666671875 0.94765625 0.7625 0.946875 0.7611111109375 0.94296875 0.7666666671875 0.9390625 0.7625 0.93828125 0.7708333328125 0.9546875 0.7763888890625
1 0 0.859722221875 0.03984375 0.8652777781250001 0.37578125 0.8666666671875 0.42421875 0.8652777781250001 0.43203125 0.8611111109375 0.00546875 0.852777778125 0.0046875 0.852777778125 0 0.8541666671874999 0 0.859722221875
1 0.996875 0.8638888890624999 0.99921875 0.8625 0.99921875 0.8444444437499999 0.9950890625 0.8444444437499999 0.9703125 0.8444444437499999 0.96640625 0.85694444375 0.96953125 0.8625 0.996875 0.8638888890624999
1 0.009375 0.9444444437499999 0.13984375 0.9444444437499999 0.15 0.95 0.165625 0.9444444437499999 0.38828125 0.9458333328125 0.38671875 0.9416666671874999 0.37421875 0.940277778125 0.1671875 0.940277778125 0.15859375 0.9333333328125001 0.15625 0.9333333328125001 0.1484375 0.9375 0.1234375 0.9388888890624999 0.00390625 0.940277778125 0.009375 0.9444444437499999
0 0.4078125 0.98055555625 0.39296875 0.98055555625 0.3921875 0.98055555625 0.3921875 0.9986111109375001 0.41640625 0.9986111109375001 0.4140625 0.984722221875 0.4078125 0.98055555625
0 0.7828125 0.93194444375 0.76953125 0.93194444375 0.75078125 0.940277778125 0.70859375 0.9388888890624999 0.7 0.9305555562500001 0.6890625 0.9444444437499999 0.67890625 0.9486111109375001 0.66953125 0.965277778125 0.6625 0.9625 0.66015625 0.952777778125 0.64921875 0.9472222218749999 0.6234375 0.8916666671875 0.6203125 0.89444444375 0.61875 0.909722221875 0.62734375 0.9333333328125001 0.6640625 0.9986111109375001 0.8328125 0.9986111109375001 0.83828125 0.9625 0.86015625 0.8875 0.86171875 0.875 0.859375 0.8652777781250001 0.85703125 0.8611111109375 0.84296875 0.8888888890625 0.82421875 0.9166666671874999 0.7984375 0.9138888890624999 0.7828125 0.93194444375
2 0.29765625 0.6291666671875 0.290625 0.622222221875 0.2859375 0.625 0.2765625 0.6458333328125 0.28125 0.6513888890625 0.28203125 0.6625 0.290625 0.6638888890625 0.2921875 0.6736111109375 0.28359375 0.6916666671875 0.275 0.690277778125 0.2765625 0.6666666671875 0.2703125 0.665277778125 0.26640625 0.6736111109375 0.26875 0.690277778125 0.27421875 0.6972222218749999 0.30234375 0.6958333328124999 0.309375 0.6861111109375 0.31484375 0.6944444437499999 0.32578125 0.690277778125 0.3328125 0.6944444437499999 0.34140625 0.6916666671875 0.3484375 0.6805555562500001 0.34921875 0.672222221875 0.34375 0.66944444375 0.34453125 0.6541666671875 0.3421875 0.65 0.32890625 0.6541666671875 0.32265625 0.6486111109375 0.3296875 0.6236111109375 0.32578125 0.6166666671875001 0.325 0.6166666671875001 0.31796875 0.625 0.31015625 0.622222221875 0.30390625 0.6291666671875 0.29765625 0.6291666671875
2 0.36875 0.6930541671875 0.3765625 0.6874986109375001 0.38203125 0.69444305625 0.41171875 0.69444305625 0.43515625 0.6861097218750001 0.44296875 0.69444305625 0.45234375 0.6861097218750001 0.4578125 0.6680541671875 0.45 0.6527763890625 0.4109375 0.654165278125 0.4125 0.6472208328125 0.403125 0.61944305625 0.39921875 0.61944305625 0.390625 0.63333194375 0.38046875 0.666665278125 0.36796875 0.6847208328125001 0.36875 0.6930541671875
2 0.4859375 0.6541666671875 0.48515625 0.665277778125 0.47734375 0.68194444375 0.478125 0.6875 0.48203125 0.6861111109375 0.48515625 0.69305555625 0.49453125 0.6916666671875 0.50859375 0.6638888890625 0.51640625 0.6611111109375 0.5171875 0.6541666671875 0.51171875 0.65 0.50703125 0.652777778125 0.5015625 0.6638888890625 0.49453125 0.6625 0.49609375 0.6569444437499999 0.50234375 0.652777778125 0.5 0.65 0.5078125 0.622222221875 0.50546875 0.6152777781250001 0.5046875 0.6152777781250001 0.49921875 0.6180555562500001 0.49375 0.6291666671875 0.49140625 0.64444444375 0.4859375 0.6541666671875
3 0.92734375 0.36805555624999997 0.9265625 0.377777778125 0.93203125 0.40416666718750005 0.95078125 0.44166666718750003 0.96953125 0.427777778125 0.99921875 0.4236111109375 0.99921875 0.33194444375 0.99140625 0.33055555625 0.98671875 0.33055555625 0.9625 0.33194444375 0.95 0.3375 0.9390625 0.34722222187499996 0.92734375 0.36805555624999997