1 0 0.525 0.04921875 0.527777778125 0.05703125 0.5236111109375 0.0625 0.527777778125 0.08828125 0.5291666671875 0.1265625 0.5208333328125 0.20234375 0.51944444375 0.21796875 0.5208333328125 0.225 0.5263888890625 0.425 0.527777778125 0.49375 0.5263888890625 0.5 0.525 0.50546875 0.51805555625 0.50234375 0.5125 0.453125 0.5111111109375 0.44765625 0.5111111109375 0 0.5125 0 0.525
1 0.6625 0.5083333328124999 0.634375 0.5125 0.57421875 0.5083333328124999 0.5484375 0.5138888890625 0.55859375 0.515277778125 0.56328125 0.525 0.590625 0.51805555625 0.59453125 0.522222221875 0.61171875 0.525 0.6296875 0.5166666671875 0.6484375 0.525 0.66953125 0.5208333328125 0.68046875 0.525 0.99921875 0.5208333328125 0.99921875 0.50555555625 0.925 0.5041666671875 0.92265625 0.5041666671875 0.88828125 0.5083333328124999 0.728125 0.5083333328124999 0.71171875 0.5166666671875 0.6625 0.5083333328124999
3 0.93046875 0.36944305625 0.93359375 0.379165278125 0.93515625 0.40972083281250005 0.9296875 0.429165278125 0.9390625 0.45277638906249995 0.9515625 0.45833194375 0.96640625 0.44999861093750004 0.96875 0.436109721875 0.97421875 0.4305541671875 0.99921875 0.429165278125 0.99921875 0.41944305625 0.996875 0.4180541671875 0.99921875 0.41249861093750007 0.99921875 0.3499986109375 0.996875 0.348609721875 0.99921875 0.3277763890625 0.975 0.3263875 0.97421875 0.3263875 0.95625 0.33055416718749997 0.94609375 0.3374986109375 0.93125 0.35694305625 0.93046875 0.36944305625
1 0 0.6138888890625 0.86640625 0.6125 0.98984375 0.6111111109375 0.99921875 0.609722221875 0.99921875 0.602777778125 0.99515625 0.602777778125 0.33828125 0.6111111109375 0.00390625 0.6083333328125 0 0.609722221875 0 0.6138888890625
1 0 0.6972222218749999 0.0484375 0.6958333328124999 0.021875 0.6916666671875 0.017499999999999998 0.6916666671875 0 0.6916666671875 0 0.6972222218749999
1 0.14921875 0.7013888890625 0.21796875 0.6972222218749999 0.2125 0.69305555625 0.1875 0.6916666671875 0.18350390625 0.6916666671875 0.08359375 0.6916666671875 0.0734375 0.6958333328124999 0.13359375 0.6972222218749999 0.14921875 0.7013888890625
1 0.7015625 0.6888888890625 0.70078125 0.6875 0.60078125 0.69305555625 0.99921875 0.69305555625 0.99921875 0.6875 0.7015625 0.6888888890625
1 0 0.7791666671875 0.0828125 0.7791666671875 0.09453125 0.775 0.1015625 0.7791666671875 0.2046875 0.784722221875 0.3140625 0.784722221875 0.334375 0.7791666671875 0.32734375 0.775 0.30234375 0.7736111109375 0.16796875 0.772222221875 0.1578125 0.7625 0.15703125 0.7625 0.15703125 0.76805555625 0.140625 0.772222221875 0.09765625 0.775 0.084375 0.76944444375 0.02890625 0.7736111109375 0 0.7708333328125 0 0.7791666671875
1 0.99921875 0.775 0.99921875 0.76805555625 0.99375 0.7666666671875 0.87265625 0.765277778125 0.8671875 0.765277778125 0.72734375 0.7666666671875 0.71171875 0.7708333328125 0.7203125 0.777777778125 0.99921875 0.775
1 0.46796875 0.7819444437499999 0.546875 0.7791666671875 0.553125 0.775 0.48828125 0.772222221875 0.48203125 0.76805555625 0.47890625 0.76805555625 0.46171875 0.775 0.38984375 0.775 0.384375 0.7791666671875 0.46796875 0.7819444437499999
1 0.1578125 0.73194444375 0.15703125 0.73194444375 0.15390625 0.734722221875 0.15390625 0.7541666671875 0.1578125 0.7569444437499999 0.1578125 0.73194444375
1 0 0.859722221875 0.003125 0.8611111109375 0.07109375 0.8625 0.0828125 0.8666666671875 0.18046875 0.8625 0.2984375 0.8652777781250001 0.31484375 0.8611111109375 0.30703125 0.85555555625 0.18125 0.85555555625 0.165625 0.8486111109375001 0.16015625 0.8541666671874999 0.0953125 0.8541666671874999 0.08984375 0.8486111109375001 0.09140625 0.8458333328125001 0.08671875 0.8458333328125001 0.084375 0.8541666671874999 0.03046875 0.852777778125 0.0015625 0.8444444437499999 0 0.8444444437499999 0 0.859722221875
1 0.56796875 0.690277778125 0.56328125 0.69305555625 0.5734375 0.69305555625 0.571875 0.690277778125 0.56796875 0.690277778125
1 0.99921875 0.85694444375 0.996875 0.8513888890624999 0.99296875 0.8513888890624999 0.79921875 0.852777778125 0.73984375 0.85694444375 0.75078125 0.8611111109375 0.99921875 0.85694444375
1 0.00703125 0.94305555625 0.146875 0.9444444437499999 0.15390625 0.9458333328125 0.15703125 0.9541666671875 0.1609375 0.9444444437499999 0.17421875 0.94305555625 0.15546875 0.9388888890624999 0.15078125 0.9333333328125001 0.15 0.93194444375 0.14765625 0.9388888890624999 0.14375 0.940277778125 0.00234375 0.9388888890624999 0.00703125 0.94305555625
1 0.15 0.9736111109375001 0.15 0.9986111109375001 0.153125 0.9986111109375001 0.153125 0.9736111109375001 0.15 0.9736111109375001
0 0.53984375 0.9083333328125001 0.53203125 0.9069444437499999 0.51171875 0.9305555562500001 0.4671875 0.9361111109375001 0.4609375 0.95694444375 0.4609375 0.965277778125 0.4546875 0.972222221875 0.4421875 0.9694444437499999 0.42734375 0.959722221875 0.44453125 0.9986111109375001 0.58984375 0.9986111109375001 0.590625 0.9472222218749999 0.59375 0.9138888890624999 0.5984375 0.9 0.603125 0.859722221875 0.60234375 0.8388888890624999 0.5984375 0.8388888890624999 0.5796875 0.8763888890624999 0.56640625 0.8833333328125 0.55234375 0.8847222218749999 0.53984375 0.9083333328125001
0 0.3921875 0.9888888890624999 0.3890625 0.9986111109375001 0.3953125 0.9986111109375001 0.39296875 0.9902777781250001 0.3921875 0.9888888890624999
1 0.9765625 0.9388888890624999 0.97890625 0.934722221875 0.9765625 0.934722221875 0.7703125 0.9375 0.7671875 0.9416666671874999 0.9234375 0.9416666671874999 0.9765625 0.9388888890624999
1 0.978125 0.9388888890624999 0.99921875 0.9388888890624999 0.99921875 0.9277777781250001 0.99609375 0.9263888890624999 0.99921875 0.925 0.99921875 0.91944444375 0.99609375 0.91944444375 0.99453125 0.93194444375 0.98125 0.9333333328125001 0.978125 0.934722221875 0.978125 0.9388888890624999
2 0.29765625 0.6291666671875 0.29453125 0.6236111109375 0.28984375 0.6236111109375 0.2828125 0.63055555625 0.27890625 0.6416666671875 0.2828125 0.65 0.28203125 0.6583333328125 0.28515625 0.6625 0.29453125 0.6611111109375 0.29609375 0.665277778125 0.28359375 0.6916666671875 0.2734375 0.684722221875 0.2765625 0.66944444375 0.27109375 0.6666666671875 0.2671875 0.6736111109375 0.2671875 0.6861111109375 0.27109375 0.6958333328124999 0.28046875 0.7 0.29453125 0.6875 0.29921875 0.6944444437499999 0.303125 0.6944444437499999 0.31015625 0.6833333328125 0.3140625 0.6944444437499999 0.31953125 0.6944444437499999 0.34140625 0.6708333328125 0.34140625 0.652777778125 0.32890625 0.6611111109375 0.31953125 0.6513888890625 0.3296875 0.6263888890625 0.32734375 0.6166666671875001 0.32421875 0.6166666671875001 0.31796875 0.625 0.309375 0.6236111109375 0.30625 0.6291666671875 0.29765625 0.6291666671875