1 0 0.1125 0.0140625 0.1125 0.02109375 0.1208333328125 0.13203125 0.1208333328125 0.15390625 0.11388888906250001 0.1578125 0.11944444375 0.16640625 0.11944444375 0.153125 0.109722221875 0.14375 0.0888888890625 0.1421875 0.075 0.1375 0.0736111109375 0.12578125 0.0791666671875 0.0703125 0.084722221875 0.05 0.09305555625 0.02890625 0.077777778125 0 0.07638888906249999 0 0.1125
1 0 0.28194444375 0.01328125 0.2888888890625 0.13828125 0.28611111093749997 0.15546875 0.272222221875 0.1515625 0.2611111109375 0.153125 0.2388888890625 0.1234375 0.22777777812500002 0.12265625 0.20972222187499998 0.11875 0.20277777812500003 0.1015625 0.2166666671875 0.09375 0.2166666671875 0.0890625 0.20833333281250002 0.071875 0.20138888906250002 0 0.20138888906250002 0 0.28194444375
1 0.49609375 0.20416666718749998 0.66328125 0.20277777812500003 0.6734375 0.20833333281250002 0.703125 0.20138888906250002 0.6203125 0.19305555624999998 0.56328125 0.19583333281249998 0.55625 0.1916666671875 0.478125 0.1916666671875 0.43828125 0.197222221875 0.4390625 0.20138888906250002 0.49609375 0.20416666718749998
1 0.38046875 0.20555555625 0.3875 0.2 0.3640625 0.1916666671875 0.3296875 0.19444444375 0.31953125 0.20138888906250002 0.38046875 0.20555555625
1 0.8578125 0.20277777812500003 0.85703125 0.197222221875 0.84140625 0.197222221875 0.84296875 0.20277777812500003 0.8578125 0.20277777812500003
1 0.2578125 0.36944444375 0.40703125 0.3708333328125 0.4140625 0.365277778125 0.24921875 0.3638888890625 0.24921875 0.36805555624999997 0.2578125 0.36944444375
1 0 0.36944444375 0.103125 0.365277778125 0.06796875 0.3625 0 0.3625 0 0.36944444375
1 0.15390625 0.36805555624999997 0.14609375 0.3625 0.1359375 0.3638888890625 0.13828125 0.36944444375 0.15390625 0.36805555624999997
1 0.75703125 0.36944444375 0.78203125 0.3736111109375 0.8 0.3708333328125 0.79765625 0.365277778125 0.7546875 0.3638888890625 0.75390625 0.36805555624999997 0.75703125 0.36944444375
1 0.734375 0.36944444375 0.74921875 0.365277778125 0.7125 0.3638888890625 0.7125 0.36805555624999997 0.734375 0.36944444375
1 0.4390625 0.365277778125 0.42734375 0.3625 0.4265625 0.36805555624999997 0.4390625 0.365277778125
1 0.4515625 0.5319444437499999 0.44296875 0.527777778125 0.22578125 0.5291666671875 0.228125 0.5333333328125 0.4515625 0.5319444437499999
1 0 0.5333333328125 0.17734375 0.5319444437499999 0.09921875 0.527777778125 0 0.527777778125 0 0.5333333328125
1 0.875 0.5333333328125 0.678125 0.5305555562500001 0.67421875 0.5333333328125 0.875 0.5333333328125
1 0.625 0.5333333328125 0.5484375 0.5305555562500001 0.54609375 0.5333333328125 0.625 0.5333333328125
1 0.9171875 0.5319444437499999 0.89765625 0.527777778125 0.89453125 0.5319444437499999 0.9171875 0.5319444437499999
1 0.1625 0.7013888890625 0.23125 0.702777778125 0.62734375 0.702777778125 0.6874359375 0.7013888890625 0.6875 0.6958333328124999 0.6953445312500001 0.7013888890625 0.8265625 0.6986111109375 0.8203125 0.6944444437499999 0.1609375 0.6958333328124999 0.15859375 0.6972222218749999 0.1625 0.7013888890625
1 0 0.7 0.14453125 0.7013888890625 0.15703125 0.6972222218749999 0.1328125 0.69305555625 0 0.69305555625 0 0.7
1 0.64140625 0.5361111109375 0.6734375 0.540277778125 0.67734375 0.5333333328125 0.63984375 0.5305555562500001 0.63828125 0.5333333328125 0.64140625 0.5361111109375
1 0.2 0.5333333328125 0.18828125 0.5305555562500001 0.1859375 0.5319444437499999 0.2 0.5333333328125
1 0.946875 0.5361111109375 0.9859375 0.534722221875 0.98984375 0.5305555562500001 0.9640625 0.5208333328125 0.92734375 0.525 0.9265625 0.5333333328125 0.946875 0.5361111109375
1 0.915625 0.6180555562500001 0.97265625 0.61944444375 0.97734375 0.6152777781250001 0.95546875 0.60694444375 0.91171875 0.6111111109375 0.91015625 0.6138888890625 0.915625 0.6180555562500001
1 0.8765625 0.7013888890625 0.98203125 0.7013888890625 0.98828125 0.6972222218749999 0.9671875 0.6888888890625 0.86328125 0.6958333328124999 0.8640625 0.7 0.8765625 0.7013888890625
1 0.2359375 0.7791666671875 0.20859375 0.777777778125 0.21328125 0.7819444437499999 0.2359375 0.7791666671875
1 0.328125 0.7791666671875 0.29765625 0.777777778125 0.30078125 0.7819444437499999 0.328125 0.7791666671875
1 0.46171875 0.7819444437499999 0.45078125 0.7736111109375 0.434375 0.7791666671875 0.43203125 0.7819444437499999 0.46171875 0.7819444437499999
1 0.65546875 0.7819444437499999 0.65078125 0.777777778125 0.62578125 0.7791666671875 0.62421875 0.7819444437499999 0.65546875 0.7819444437499999
1 0.1828125 0.8666666671875 0.32578125 0.8680555562500001 0.69375 0.8680555562500001 0.740625 0.8638888890624999 0.63203125 0.859722221875 0.16015625 0.8611111109375 0.1609375 0.8652777781250001 0.1828125 0.8666666671875
1 0.946875 0.8666666671875 0.9765625 0.8638888890624999 0.971875 0.8583333328125 0.9390625 0.8583333328125 0.93828125 0.8652777781250001 0.946875 0.8666666671875
1 0 0.8652777781250001 0.025 0.8638888890624999 0.03359375 0.85694444375 0.0046875 0.85555555625 0 0.85555555625 0 0.8652777781250001
1 0.0640625 0.8638888890624999 0.09375 0.8652777781250001 0.09921875 0.8611111109375 0.0625 0.85694444375 0.059375 0.859722221875 0.0640625 0.8638888890624999
1 0.803125 0.8638888890624999 0.8 0.8583333328125 0.7875 0.859722221875 0.78828125 0.8652777781250001 0.803125 0.8638888890624999
1 0.98671875 0.8652777781250001 0.99921875 0.8638888890624999 0.99921875 0.8583333328125 0.9859375 0.8583333328125 0.984375 0.8625 0.98671875 0.8652777781250001
1 0.165625 0.95 0.66953125 0.9513888890625 0.675 0.9472222218749999 0.40390625 0.9388888890624999 0.3625 0.9388888890624999 0.35703125 0.94305555625 0.34921875 0.9388888890624999 0.31171875 0.94305555625 0.17734375 0.9388888890624999 0.1640625 0.94305555625 0.1625 0.9472222218749999 0.165625 0.95
1 0 0.9472222218749999 0.1546875 0.9458333328125 0.15 0.9416666671874999 0.084375 0.940277778125 0 0.940277778125 0 0.9472222218749999
1 0.47734375 0.6138888890625 0.465625 0.60694444375 0.440625 0.6125 0.4359375 0.6138888890625 0.47734375 0.6138888890625
1 0.36875 0.6166666671875001 0.36875 0.6125 0.35703125 0.6125 0.35703125 0.6166666671875001 0.36875 0.6166666671875001
1 0.1984375 0.6138888890625 0.18515625 0.602777778125 0.1734375 0.6138888890625 0.1984375 0.6138888890625
1 0.56328125 0.6138888890625 0.56015625 0.60694444375 0.54921875 0.6111111109375 0.54609375 0.6138888890625 0.56328125 0.6138888890625
1 0.22421875 0.447222221875 0.2203125 0.44166666718750003 0.21328125 0.44444444375 0.20859375 0.440277778125 0.20026015625000002 0.4458333328125 0.1890625 0.44444444375 0.1859375 0.45 0.22421875 0.447222221875
1 0.37890625 0.4486111109375 0.3765625 0.440277778125 0.35234375 0.44444444375 0.35234375 0.45 0.37890625 0.4486111109375
1 0.74765625 0.45 0.74453125 0.4458333328125 0.70859375 0.447222221875 0.7125 0.4513888890625 0.74765625 0.45
1 0.175 0.28611111093749997 0.1796875 0.27777777812500004 0.1625 0.2791666671875 0.165625 0.28611111093749997 0.175 0.28611111093749997
2 0.4125 0.11388888906250001 0.4171875 0.11944444375 0.4296875 0.115277778125 0.4390625 0.1208333328125 0.61953125 0.1166666671875 0.7375 0.1208333328125 0.76328125 0.1111111109375 0.7515625 0.090277778125 0.746875 0.05694444375 0.74375 0.054166667187499996 0.7390625 0.055555556250000006 0.73359375 0.06944444375 0.72578125 0.0736111109375 0.6921875 0.07083333281250001 0.68046875 0.075 0.67578125 0.084722221875 0.665625 0.08055555625000001 0.6640625 0.07083333281250001 0.659375 0.06944444375 0.6234375 0.08194444375 0.61875 0.0666666671875 0.60390625 0.06805555625000001 0.59375 0.0513888890625 0.57578125 0.07083333281250001 0.53203125 0.0736111109375 0.51875 0.0638888890625 0.51796875 0.04444444375 0.5125 0.040277778125000004 0.490625 0.10138888906250001 0.46875 0.0916666671875 0.4625 0.072222221875 0.4390625 0.07638888906249999 0.4359375 0.090277778125 0.4125 0.11388888906250001
2 0.18671875 0.11944444375 0.39609375 0.11944444375 0.40859375 0.11388888906250001 0.40390625 0.09305555625 0.3921875 0.077777778125 0.38046875 0.077777778125 0.3734375 0.059722221875 0.36875 0.059722221875 0.3671875 0.06944444375 0.35703125 0.0861111109375 0.34375 0.0986111109375 0.3359375 0.0986111109375 0.32890625 0.090277778125 0.31953125 0.06944444375 0.31796875 0.055555556250000006 0.303125 0.06805555625000001 0.2890625 0.0666666671875 0.28046875 0.077777778125 0.24296875 0.08055555625000001 0.22421875 0.07638888906249999 0.20625 0.084722221875 0.1921875 0.07638888906249999 0.18515625 0.0875 0.18125 0.10555555624999999 0.18671875 0.11944444375
2 0.77890625 0.077777778125 0.78125 0.090277778125 0.78046875 0.1111111109375 0.78671875 0.11944444375 0.79375 0.11944444375 0.80625 0.10833333281249999 0.82421875 0.11805555625 0.84609375 0.11805555625 0.85625 0.10833333281249999 0.8640625 0.0875 0.84140625 0.052777778124999994 0.828125 0.05694444375 0.821875 0.04305555625 0.790625 0.05 0.77734375 0.06944444375 0.775 0.075 0.77890625 0.077777778125
2 0.4171875 0.33055555625 0.4234375 0.3333333328125 0.43046875 0.32083333281250004 0.43515625 0.322222221875 0.45 0.2833333328125 0.4671875 0.2875 0.5 0.2791666671875 0.50625 0.28472222187499996 0.5796875 0.28611111093749997 0.60078125 0.26805555625 0.596875 0.26527777812500003 0.59140625 0.2416666671875 0.59765625 0.2125 0.59296875 0.20138888906250002 0.58515625 0.20138888906250002 0.575 0.2125 0.58046875 0.2166666671875 0.58046875 0.225 0.57109375 0.2375 0.5359375 0.2388888890625 0.515625 0.26527777812500003 0.50703125 0.2625 0.4953125 0.2416666671875 0.49921875 0.225 0.49765625 0.215277778125 0.4921875 0.2125 0.48125 0.22777777812500002 0.459375 0.2388888890625 0.4453125 0.2388888890625 0.4265625 0.26805555625 0.41015625 0.27777777812500004 0.4234375 0.3125 0.4171875 0.33055555625
2 0.6234375 0.28472222187499996 0.63125 0.2958333328125 0.6296875 0.315277778125 0.6359375 0.31944444375000003 0.64609375 0.3013888890625 0.64921875 0.2833333328125 0.659375 0.272222221875 0.66796875 0.2708333328125 0.6734375 0.2833333328125 0.68671875 0.28611111093749997 0.73046875 0.28472222187499996 0.7390625 0.27638888906250003 0.74375 0.2625 0.7375 0.24444444375000002 0.7203125 0.2375 0.7203125 0.2166666671875 0.7234375 0.2125 0.72109375 0.20694444375 0.71484375 0.20972222187499998 0.709375 0.2208333328125 0.69296875 0.21944444375 0.68203125 0.23611111093749998 0.67109375 0.215277778125 0.659375 0.21111111093749999 0.65546875 0.2138888890625 0.64609375 0.24305555625 0.62734375 0.2416666671875 0.61328125 0.26805555625 0.60390625 0.27638888906250003 0.5953125 0.27638888906250003 0.60625 0.28611111093749997 0.6234375 0.28472222187499996
2 0.203125 0.28194444375 0.22421875 0.27638888906250003 0.31875 0.2833333328125 0.32578125 0.27777777812500004 0.3296875 0.2638888890625 0.3203125 0.2416666671875 0.328125 0.23333333281250002 0.3265625 0.2166666671875 0.3203125 0.22916666718749998 0.29140625 0.25 0.28671875 0.24305555625 0.27265625 0.24722222187499998 0.26328125 0.2416666671875 0.2421875 0.24444444375000002 0.234375 0.240277778125 0.23203125 0.23333333281250002 0.23671875 0.2138888890625 0.23125 0.2166666671875 0.221875 0.240277778125 0.19921875 0.240277778125 0.1890625 0.259722221875 0.1890625 0.2736111109375 0.203125 0.28194444375
2 0.75859375 0.2833333328125 0.8109375 0.28472222187499996 0.8265625 0.2666666671875 0.82109375 0.2541666671875 0.82109375 0.23194444375 0.81796875 0.222222221875 0.797265625 0.2416666671875 0.7671875 0.2388888890625 0.76015625 0.24305555625 0.7578125 0.24722222187499998 0.75859375 0.2833333328125
2 0.365625 0.24722222187499998 0.34609375 0.2791666671875 0.346875 0.2833333328125 0.390625 0.2791666671875 0.4046875 0.24722222187499998 0.4046875 0.24305555625 0.38984375 0.2375 0.38203125 0.2125 0.3640625 0.23194444375 0.3671875 0.2375 0.365625 0.24722222187499998
2 0 0.4486111109375 0.0921875 0.4486111109375 0.1 0.4388888890625 0.10703125 0.40833333281249995 0.1046875 0.3791666671875 0.09921875 0.375 0.09921875 0.36805555624999997 0.03125 0.36805555624999997 0.021875 0.38333333281250004 0.01640625 0.377777778125 0 0.39305555625 0 0.4486111109375
2 0.1125 0.447222221875 0.1265625 0.4513888890625 0.1375 0.4458333328125 0.18203125 0.447222221875 0.19296875 0.43055555625 0.1875 0.40833333281249995 0.17890625 0.3916666671875 0.1828125 0.38055555625 0.18125 0.3708333328125 0.1671875 0.36666666718749996 0.15234375 0.377777778125 0.134375 0.3736111109375 0.125 0.384722221875 0.128125 0.41805555625 0.1125 0.447222221875
2 0.82734375 0.26944444375 0.8296875 0.27777777812500004 0.83359375 0.275 0.8375 0.2833333328125 0.89296875 0.28611111093749997 0.90390625 0.2708333328125 0.90390625 0.26527777812500003 0.8953125 0.2666666671875 0.89375 0.25833333281250004 0.89609375 0.24305555625 0.9046875 0.23472222187499997 0.90390625 0.2125 0.8765625 0.24583333281250003 0.8671875 0.24305555625 0.86015625 0.23055555625 0.86328125 0.2125 0.85234375 0.2166666671875 0.8515625 0.22638888906250001 0.82734375 0.26944444375
2 0.21875 0.4361111109375 0.22421875 0.4486111109375 0.24375 0.45 0.2546875 0.44444444375 0.27421875 0.45 0.28125 0.4458333328125 0.32578125 0.45 0.33046875 0.4458333328125 0.3359375 0.45 0.36484375 0.43746388906250006 0.39296875 0.44858055625000004 0.43125 0.447222221875 0.4359375 0.4513888890625 0.47708359375000003 0.4513888890625 0.48515625 0.46666666718750005 0.47265625 0.4861111109375 0.47421875 0.4888888890625 0.48828125 0.47222222187499996 0.49375 0.4763888890625 0.51796875 0.4291666671875 0.5171875 0.40972222187499996 0.5125 0.40694444374999994 0.50859375 0.41111111093749997 0.5 0.397222221875 0.50234375 0.372222221875 0.4875 0.3875 0.478125 0.38055555625 0.46953125 0.39444444375 0.4671875 0.40694444374999994 0.446875 0.4138888890625 0.43984375 0.40694444374999994 0.42421875 0.41111111093749997 0.41640625 0.40694444374999994 0.40703125 0.3958333328125 0.41171875 0.3861111109375 0.41171875 0.372222221875 0.40703125 0.3708333328125 0.4 0.38194444375000003 0.38515625 0.425 0.36484375 0.42495555625000003 0.34921875 0.40555555625000006 0.3546875 0.38055555625 0.3515625 0.372222221875 0.340625 0.3888888890625 0.22421875 0.39305555625 0.2203125 0.397222221875 0.2234375 0.42222222187499997 0.21875 0.4361111109375
2 0.55703125 0.443022221875 0.5859375 0.45 0.59609375 0.43055555625 0.59609375 0.425 0.58359375 0.40694444374999994 0.559375 0.40833333281249995 0.553125 0.415277778125 0.53359375 0.4458333328125 0.55703125 0.443022221875
2 0.60703125 0.447222221875 0.65859375 0.4513888890625 0.6609375 0.46944444374999994 0.6484375 0.5013888890625 0.653125 0.5125 0.6640625 0.5013888890625 0.6796875 0.45 0.696875 0.45 0.70078125 0.427777778125 0.70703125 0.415277778125 0.70546875 0.40416666718750005 0.6671875 0.40694444374999994 0.66171875 0.40277777812500004 0.64140625 0.4125 0.62734375 0.40694444374999994 0.62734375 0.39444444375 0.62265625 0.3986111109375 0.6171875 0.427777778125 0.60703125 0.447222221875
2 0.728125 0.4361111109375 0.72421875 0.4361111109375 0.72421875 0.4458333328125 0.728125 0.4361111109375
2 0.75078125 0.40416666718750005 0.7421875 0.4236111109375 0.74296875 0.440277778125 0.746875 0.447222221875 0.76640625 0.440277778125 0.77109375 0.447222221875 0.78359375 0.44166666718750003 0.8 0.4486111109375 0.94375 0.4486111109375 0.9515625 0.4388888890625 0.95078125 0.40138888906250003 0.9390625 0.40833333281249995 0.92890625 0.397222221875 0.915625 0.40694444374999994 0.83671875 0.40416666718750005 0.8265625 0.4138888890625 0.81015625 0.40277777812500004 0.7984375 0.40555555625000006 0.79453125 0.39305555625 0.8015625 0.3708333328125 0.7953125 0.365277778125 0.7625 0.36666666718749996 0.75078125 0.3875 0.7484375 0.4 0.75078125 0.40416666718750005
2 0 0.6152777781250001 0.0609375 0.6166666671875001 0.06875 0.6125 0.0796875 0.5916666671875 0.07109375 0.5791666671875 0.07265625 0.5527777781250001 0.06796875 0.5541666671875001 0.065625 0.565277778125 0.040625 0.56805555625 0.034375 0.5625 0.01328125 0.5666666671875 0.0078125 0.5722222218749999 0 0.5875 0 0.6152777781250001
2 0.0890625 0.6152777781250001 0.15 0.6138888890625 0.1578125 0.602777778125 0.1578125 0.5833333328125 0.15390625 0.5763888890625 0.146875 0.5791666671875 0.1390625 0.565277778125 0.146875 0.54444444375 0.14609375 0.5388888890625 0.1421875 0.5388888890625 0.13125 0.5555555562500001 0.12265625 0.547222221875 0.11015625 0.565277778125 0.10859375 0.577777778125 0.1 0.5958333328125 0.0890625 0.609722221875 0.08125 0.609722221875 0.08046875 0.6138888890625 0.0890625 0.6152777781250001
2 0.3109375 0.609722221875 0.3125 0.6152777781250001 0.31953125 0.6152777781250001 0.321875 0.6263888890625 0.31875 0.6486111109375 0.32578125 0.652777778125 0.3390625 0.6180555562500001 0.34921875 0.6013888890625 0.35078125 0.5763888890625 0.36015625 0.55 0.353125 0.547222221875 0.34140625 0.5722222218749999 0.321875 0.5722222218749999 0.30078125 0.60555555625 0.28203125 0.6125 0.2953125 0.6166666671875001 0.3109375 0.609722221875
2 0.17734375 0.6138888890625 0.26640625 0.6138888890625 0.28046875 0.5916666671875 0.27890625 0.5861111109375 0.26875 0.5833333328125 0.265625 0.5722222218749999 0.2671875 0.5555555562500001 0.2578125 0.56805555625 0.23046875 0.577777778125 0.2171875 0.5722222218749999 0.21015625 0.5791666671875 0.20078125 0.5638888890625 0.19609375 0.5666666671875 0.18828125 0.5958333328125 0.17734375 0.6138888890625
2 0.37109375 0.6138888890625 0.41953125 0.6125 0.41953125 0.5986111109375 0.42734375 0.5958333328125 0.415625 0.565277778125 0.421875 0.54444444375 0.4203125 0.5375 0.415625 0.5388888890625 0.4046875 0.5638888890625 0.39921875 0.5625 0.39609375 0.5486111109375 0.384375 0.5666666671875 0.38046875 0.5930555562500001 0.37109375 0.6138888890625
2 0.41875 0.6138888890625 0.42734375 0.6152777781250001 0.43203125 0.6138888890625 0.44296875 0.590277778125 0.43515625 0.5736111109375 0.4296875 0.5722222218749999 0.41875 0.5916666671875 0.415625 0.60694444375 0.41875 0.6138888890625
2 0.4578125 0.6152777781250001 0.53671875 0.6138888890625 0.54921875 0.5958333328125 0.53984375 0.5722222218749999 0.50390625 0.575 0.49921875 0.5625 0.5015625 0.5555555562500001 0.49375 0.540277778125 0.48828125 0.540277778125 0.48203125 0.5513888890625 0.471875 0.5888888890625 0.4578125 0.6152777781250001
2 0.5421875 0.6111111109375 0.54921875 0.5930555562500001 0.5421875 0.5930555562500001 0.54140625 0.575 0.53671875 0.5708333328124999 0.5328125 0.575 0.509375 0.5722222218749999 0.50390625 0.577777778125 0.4921875 0.5708333328124999 0.47421875 0.5833333328125 0.53671875 0.6152777781250001 0.5421875 0.6111111109375
2 0.58046875 0.60694444375 0.58515625 0.6152777781250001 0.61640625 0.6152777781250001 0.6234375 0.609722221875 0.62734375 0.6166666671875001 0.665625 0.6152777781250001 0.6734375 0.6 0.671875 0.565277778125 0.678125 0.54305555625 0.67109375 0.54305555625 0.6640625 0.565277778125 0.63828125 0.575 0.62265625 0.5708333328124999 0.615625 0.5763888890625 0.61015625 0.5694444437499999 0.58984375 0.577777778125 0.571875 0.6111111109375 0.58046875 0.60694444375
2 0.86875 0.6152777781250001 0.88046875 0.5986111109375 0.86796875 0.5875 0.875 0.5541666671875001 0.88203125 0.5388888890625 0.875 0.5416666671875 0.8671875 0.565277778125 0.853125 0.5736111109375 0.8453125 0.5694444437499999 0.83359375 0.575 0.80234375 0.5694444437499999 0.78984375 0.54444444375 0.7828125 0.5583333328125 0.7671875 0.5625 0.759375 0.5722222218749999 0.7359375 0.5708333328124999 0.72578125 0.5763888890625 0.71796875 0.5722222218749999 0.72109375 0.559722221875 0.71640625 0.5541666671875001 0.70859375 0.5736111109375 0.69296875 0.5944444437499999 0.68515625 0.6152777781250001 0.86875 0.6152777781250001
2 0.06796875 0.7805555562500001 0.0859375 0.7625 0.08125 0.7583333328124999 0.07890625 0.7458333328125 0.0796875 0.727777778125 0.07578125 0.7291666671875 0.04453125 0.7013888890625 0.03671875 0.709722221875 0.02421875 0.7458333328125 0.0078125 0.76805555625 0.01484375 0.7751611109375001 0.06796875 0.7805555562500001
2 0.10625 0.7708333328125 0.1109375 0.7791666671875 0.1265625 0.775 0.13515625 0.7791666671875 0.140625 0.7708333328125 0.1453125 0.7708333328125 0.14921875 0.7805555562500001 0.17265625 0.7819444437499999 0.18125 0.7888888890625 0.18671875 0.7805555562500001 0.19609375 0.7791666671875 0.2109375 0.75 0.1984375 0.727777778125 0.19453125 0.7291666671875 0.1921875 0.7375 0.1734375 0.734722221875 0.1609375 0.7430555562500001 0.15390625 0.7333333328125 0.1625 0.7125 0.15390625 0.709722221875 0.14140625 0.7416666671875001 0.13125 0.7458333328125 0.13046875 0.7263888890625 0.1265625 0.727777778125 0.12421875 0.7388888890625 0.1140625 0.747222221875 0.1 0.7708333328125 0.0984375 0.777777778125 0.10625 0.7708333328125
2 0.28046875 0.777777778125 0.28671875 0.7819444437499999 0.290625 0.777777778125 0.296875 0.7458333328125 0.29453125 0.7402777781250001 0.28671875 0.7416666671875001 0.284375 0.7138888890625 0.275 0.709722221875 0.2703125 0.7208333328125 0.25546875 0.7236111109375 0.24765625 0.73194444375 0.24765625 0.7458333328125 0.24140625 0.7638888890625 0.24296875 0.7791666671875 0.28046875 0.777777778125
2 0.34140625 0.7388888890625 0.32734375 0.775 0.33046875 0.7791666671875 0.4171875 0.7791666671875 0.42421875 0.76944444375 0.42890625 0.752777778125 0.42265625 0.7486111109375 0.41875 0.73194444375 0.42734375 0.715277778125 0.4265625 0.702777778125 0.40546875 0.7166666671875 0.39921875 0.7125 0.3859375 0.7333333328125 0.364453125 0.734722221875 0.3546875 0.727777778125 0.3515625 0.7208333328125 0.353125 0.715277778125 0.3375 0.73055555625 0.34140625 0.7333333328125 0.34140625 0.7388888890625
2 0.4671875 0.7805555562500001 0.5390625 0.7791666671875 0.54296875 0.775 0.5390625 0.7597222218749999 0.5546875 0.7125 0.55234375 0.7083333328125 0.540625 0.7333333328125 0.5296875 0.7361111109375 0.52109375 0.747222221875 0.5171875 0.747222221875 0.5140625 0.7375 0.490625 0.7416666671875001 0.4859375 0.7361111109375 0.47734375 0.7361111109375 0.4703125 0.7402777781250001 0.45546875 0.77238194375 0.4671875 0.7805555562500001
2 0.57734375 0.7791666671875 0.62734375 0.7791666671875 0.63515625 0.7638888890625 0.634375 0.7569444437499999 0.62734375 0.7666666671875 0.625 0.752777778125 0.6296875 0.7361111109375 0.6359375 0.727777778125 0.634375 0.7125 0.63046875 0.7138888890625 0.621875 0.7333333328125 0.609375 0.7375 0.6015625 0.7486111109375 0.59140625 0.73194444375 0.5859375 0.7513888890625 0.57578125 0.7625 0.571875 0.7708333328125 0.57734375 0.7791666671875
2 0.65703125 0.7805555562500001 0.70703125 0.7805555562500001 0.7171875 0.7597222218749999 0.7109375 0.7569444437499999 0.7125 0.747222221875 0.709375 0.7402777781250001 0.70078125 0.74444444375 0.69296875 0.7402777781250001 0.70078125 0.7125 0.696875 0.70694444375 0.6921875 0.709722221875 0.68203125 0.7333333328125 0.675 0.7263888890625 0.6734375 0.7180555562500001 0.66953125 0.7236111109375 0.65390625 0.7708333328125 0.653125 0.7763888890625 0.65703125 0.7805555562500001
2 0.74140625 0.7763888890625 0.77578125 0.7805555562500001 0.78671875 0.7625 0.78671875 0.75 0.7828125 0.7402777781250001 0.7734375 0.7430555562500001 0.76171875 0.7236111109375 0.76484375 0.7166666671875 0.76328125 0.70694444375 0.75703125 0.7083333328125 0.75078125 0.722222221875 0.73671875 0.7638888890625 0.74140625 0.7763888890625