1 0 0.525 0.08125 0.527777778125 0.09765625 0.5236111109375 0.103125 0.527777778125 0.10859375 0.522222221875 0.12265625 0.522222221875 0.12578125 0.527777778125 0.1453125 0.527777778125 0.153125 0.5236111109375 0.1625 0.527777778125 0.40078125 0.527777778125 0.478125 0.5263888890625 0.49453125 0.522222221875 0.990625 0.522222221875 0.99921875 0.5208333328125 0.99921875 0.50555555625 0.995284375 0.50555555625 0.36796875 0.5138888890625 0.009375 0.5125 0 0.515277778125 0 0.525
1 0 0.6152777781250001 0.3421875 0.6166666671875001 0.50390625 0.6125 0.5640625 0.6152777781250001 0.99921875 0.6111111109375 0.99921875 0.6041666671875 0.98125 0.602777778125 0.9770085937499999 0.602777778125 0.509375 0.6041666671875 0.46796875 0.6083333328125 0.33515625 0.609722221875 0 0.6083333328125 0 0.6152777781250001
1 0 0.6972222218749999 0.15390625 0.7 0.18359375 0.6958333328124999 0.17734375 0.6916666671875 0.173403125 0.6916666671875 0 0.6916666671875 0 0.6972222218749999
1 0.2640625 0.6888888890625 0.25625 0.6888888890625 0.25546875 0.6875 0.25 0.690277778125 0.2484375 0.6958333328124999 0.26953125 0.6958333328124999 0.2640625 0.6888888890625
1 0.33203125 0.69305555625 0.29921875 0.6958333328124999 0.3375 0.6958333328124999 0.3359375 0.69305555625 0.33203125 0.69305555625
1 0.8578125 0.6916666671875 0.85 0.6875 0.8296875 0.6916666671875 0.7875 0.6875 0.78359375 0.6875 0.69296875 0.69305555625 0.5234375 0.69305555625 0.76328125 0.6958333328124999 0.8578125 0.6916666671875
1 0.99921875 0.6875 0.9951289062500001 0.6875 0.9296875 0.6875 0.92578125 0.6916666671875 0.99921875 0.69305555625 0.99921875 0.6875
1 0.4875 0.6958333328124999 0.490625 0.69305555625 0.4890625 0.6916666671875 0.48515625 0.6916666671875 0.425 0.69305555625 0.43046875 0.6972222218749999 0.44375 0.6972222218749999 0.4875 0.6958333328124999
1 0.63984375 0.76805555625 0.634375 0.76805555625 0.62890625 0.775 0.99921875 0.775 0.99921875 0.76805555625 0.63984375 0.76805555625
1 0 0.7791666671875 0.14921875 0.7791666671875 0.15859375 0.7833333328125 0.2640625 0.7819444437499999 0.2734375 0.777777778125 0.16171875 0.772222221875 0.153125 0.7666666671875 0.14921875 0.7666666671875 0.14140625 0.7666666671875 0.13984375 0.772222221875 0 0.772222221875 0 0.7791666671875
1 0.47109375 0.775 0.4671875 0.772222221875 0.46321406249999997 0.772222221875 0.325 0.775 0.3296875 0.7791666671875 0.4625 0.7791666671875 0.47109375 0.775
1 0 0.8583333328125 0.00546875 0.8611111109375 0.26484375 0.8611111109375 0.146875 0.852777778125 0.00625 0.852777778125 0.003125 0.852777778125 0 0.8541666671874999 0 0.8583333328125
1 0.84375 0.8625 0.99921875 0.8583333328125 0.99921875 0.8513888890624999 0.9265625 0.8513888890624999 0.9234375 0.8513888890624999 0.66875 0.8541666671874999 0.65859375 0.85555555625 0.6578125 0.859722221875 0.84375 0.8625
1 0.18515625 0.9375 0.01171875 0.9361111109375001 0.0078125 0.9361111109375001 0 0.9388888890624999 0.01328125 0.9444444437499999 0.1890625 0.94305555625 0.18515625 0.9375
1 0.86328125 0.94305555625 0.99921875 0.9388888890624999 0.99921875 0.9333333328125001 0.91953125 0.9333333328125001 0.91484375 0.9333333328125001 0.84140625 0.9375 0.6890625 0.9375 0.6859375 0.9416666671874999 0.86328125 0.94305555625
0 0.4515625 0.8916666671875 0.4453125 0.902777778125 0.43515625 0.9111111109375001 0.43046875 0.925 0.4234375 0.934722221875 0.40390625 0.9444444437499999 0.3875 0.94305555625 0.37890625 0.9486111109375001 0.3765625 0.9666666671874999 0.36953125 0.977777778125 0.3625 0.977777778125 0.3625 0.98194444375 0.36953125 0.9986111109375001 0.52578125 0.9986111109375001 0.53828125 0.9666666671874999 0.53984375 0.9444444437499999 0.53671875 0.915277778125 0.534375 0.9055555562500001 0.52734375 0.9013888890624999 0.525 0.89444444375 0.5078125 0.89305555625 0.50390625 0.8847222218749999 0.50234375 0.859722221875 0.4984375 0.85555555625 0.49765625 0.8541666671874999 0.478125 0.875 0.465625 0.8736111109375001 0.453125 0.8819444437499999 0.4515625 0.8916666671875
0 0.321875 0.98194444375 0.31953125 0.9986111109375001 0.32421875 0.9986111109375001 0.32265625 0.98194444375 0.321875 0.98194444375
3 0.93203125 0.434722221875 0.9421875 0.45555555625000005 0.9515625 0.45694444375 0.95625 0.45 0.95546875 0.44305555625000004 0.95859375 0.4388888890625 0.990625 0.43055555625 0.99921875 0.415277778125 0.99921875 0.3291666671875 0.9765625 0.3291666671875 0.9734375 0.3291666671875 0.95546875 0.3333333328125 0.9359375 0.352777778125 0.93671875 0.41944444374999995 0.93203125 0.434722221875
2 0.28359375 0.6611111109375 0.29453125 0.659722221875 0.2953125 0.66805555625 0.2875 0.6875 0.2765625 0.6972222218749999 0.2859375 0.6972222218749999 0.29609375 0.6833333328125 0.3046875 0.64444444375 0.3140625 0.6263888890625 0.30859375 0.6236111109375 0.2984375 0.63055555625 0.29140625 0.622222221875 0.28984375 0.622222221875 0.2828125 0.63055555625 0.27890625 0.6458333328125 0.28203125 0.6486111109375 0.28359375 0.6611111109375