1 0 0.525 0.634375 0.525 0.6671875 0.5125 0.5453125 0.5097222218749999 0 0.5125 0 0.525
1 0.99921875 0.50555555625 0.99609375 0.5041666671875 0.6734375 0.5111111109375 0.68828125 0.5208333328125 0.7125 0.525 0.99921875 0.5208333328125 0.99921875 0.50555555625
1 0.99921875 0.602777778125 0.48359375 0.609722221875 0.4859375 0.6138888890625 0.9859375 0.6125 0.99921875 0.6111111109375 0.99921875 0.602777778125
1 0 0.6152777781250001 0.40546875 0.6166666671875001 0.46796875 0.6111111109375 0.384375 0.6083333328125 0.28182421875 0.609722221875 0.28125 0.6152777781250001 0.27008125 0.609722221875 0 0.609722221875 0 0.6152777781250001
1 0.059375 0.6972222218749999 0.2640625 0.6972222218749999 0.059375 0.69305555625 0.059375 0.6972222218749999
1 0 0.6972222218749999 0.01875 0.6972222218749999 0.01953125 0.69305555625 0 0.69305555625 0 0.6972222218749999
1 0.99921875 0.6875 0.71953125 0.6861111109375 0.5484375 0.6916666671875 0.56015625 0.6958333328124999 0.984375 0.6944444437499999 0.99921875 0.69305555625 0.99921875 0.6875
1 0.41953125 0.7833333328125 0.43515625 0.7791666671875 0.4328125 0.7736111109375 0.25703125 0.775 0.18515625 0.7666666671875 0.13984375 0.772222221875 0.1375 0.7736111109375 0.13984375 0.7791666671875 0.15703125 0.7833333328125 0.41953125 0.7833333328125
1 0.64609375 0.7708333328125 0.5140625 0.7666666671875 0.48515625 0.772222221875 0.4859375 0.7791666671875 0.6421875 0.7791666671875 0.65078125 0.775 0.64609375 0.7708333328125
1 0.821875 0.76944444375 0.8296875 0.777777778125 0.99921875 0.775 0.99921875 0.76805555625 0.821875 0.76944444375
1 0 0.7791666671875 0.04921875 0.7805555562500001 0.0640625 0.775 0.04140625 0.7708333328125 0 0.7708333328125 0 0.7791666671875
1 0.1703125 0.852777778125 0.07734375 0.8486111109375001 0.07578125 0.8444444437499999 0.03203125 0.852777778125 0.0015625 0.8430555562500001 0 0.8611111109375 0.15703125 0.8652777781250001 0.1859375 0.8611111109375 0.1703125 0.852777778125
1 0.99921875 0.8583333328125 0.99921875 0.85 0.96640625 0.8458333328125001 0.853125 0.8513888890624999 0.8515625 0.85694444375 0.8546875 0.859722221875 0.87578125 0.8625 0.99921875 0.8583333328125
1 0.384375 0.85 0.3234375 0.8541666671874999 0.3140625 0.8486111109375001 0.30390625 0.85555555625 0.290625 0.8486111109375001 0.2828125 0.859722221875 0.28984375 0.8652777781250001 0.41640625 0.8611111109375 0.384375 0.85
1 0.27890625 0.9458333328125 0.27890625 0.9416666671874999 0.25546875 0.940277778125 0.1696875 0.940277778125 0.15 0.9333333328125001 0.1375 0.9388888890624999 0.00234375 0.940277778125 0.15 0.9486111109375001 0.27890625 0.9458333328125
1 0.99921875 0.93194444375 0.88359375 0.9375 0.884375 0.94305555625 0.98515625 0.9416666671874999 0.99921875 0.9388888890624999 0.99921875 0.93194444375
0 0.7359375 0.8958333328125001 0.7375 0.86944444375 0.73203125 0.86944444375 0.70625 0.91805555625 0.68125 0.91944444375 0.67421875 0.9375 0.65390625 0.940277778125 0.6359375 0.9541666671875 0.6046875 0.95694444375 0.58828125 0.9513888890625 0.575 0.9666666671874999 0.57421875 0.9791666671874999 0.56328125 0.9875 0.55625 0.984722221875 0.540625 0.9638888890624999 0.5171875 0.9083333328125001 0.5171875 0.934722221875 0.54765625 0.9986111109375001 0.7140625 0.9986111109375001 0.7359375 0.8958333328125001
0 0.15390625 0.9625 0.15625 0.94305555625 0.14921875 0.9416666671874999 0.15234375 0.99444444375 0.15859375 0.9986111109375001 0.1578125 0.9694444437499999 0.15390625 0.9625
3 0.99921875 0.4291666671875 0.99921875 0.33055555625 0.96328125 0.33194444375 0.946875 0.34027777812500004 0.93359375 0.35694444375 0.93046875 0.3736111109375 0.93515625 0.40833333281249995 0.94765625 0.4388888890625 0.99921875 0.4291666671875
2 0.3375 0.6958333328124999 0.35 0.6805555562500001 0.34296875 0.6513888890625 0.33203125 0.652777778125 0.3265625 0.6180555562500001 0.32109375 0.6236111109375 0.2875 0.625 0.27890625 0.6388888890625 0.28203125 0.652777778125 0.27578125 0.6666666671875 0.2671875 0.6708333328125 0.2671875 0.6875 0.27734375 0.7 0.321875 0.69305555625 0.3375 0.6958333328124999
2 0.43515625 0.6791666671875001 0.4359375 0.6569444437499999 0.41328125 0.6569444437499999 0.4046875 0.6375 0.403125 0.6236111109375 0.4 0.622222221875 0.39140625 0.6347222218749999 0.38046875 0.66944444375 0.365625 0.69305555625 0.41328125 0.6958333328124999 0.43515625 0.6791666671875001