1 0.61328125 0.5097222218749999 0.61015625 0.5125 0.61015625 0.5208333328125 0.615625 0.525 0.99921875 0.5208333328125 0.99921875 0.50555555625 0.95078125 0.5041666671875 0.946875 0.5041666671875 0.8984375 0.50555555625 0.8890625 0.5111111109375 0.6328125 0.5083333328124999 0.61328125 0.5097222218749999
1 0 0.51944444375 0.00546875 0.51944444375 0.009375 0.525 0.0484375 0.527777778125 0.1203125 0.527777778125 0.1484375 0.5236111109375 0.1640625 0.527777778125 0.25234375 0.527777778125 0.26328125 0.525 0.27109375 0.51805555625 0.30078125 0.5166666671875 0.2984375 0.5125 0.00234375 0.5125 0 0.5125 0 0.51944444375
1 0.496875 0.51944444375 0.55234375 0.525 0.5796875 0.5138888890625 0.57578125 0.5097222218749999 0.571875 0.5097222218749999 0.4625 0.5097222218749999 0.45859375 0.5166666671875 0.47578125 0.5166666671875 0.4859375 0.525 0.4953125 0.5236111109375 0.496875 0.51944444375
1 0.4328125 0.5263888890625 0.4421875 0.525 0.45078125 0.51805555625 0.4546875 0.5208333328125 0.4578125 0.5166666671875 0.45859375 0.5166666671875 0.44609375 0.5111111109375 0.31484375 0.5125 0.3125 0.5166666671875 0.3171875 0.51944444375 0.31875 0.525 0.4328125 0.5263888890625
1 0 0.6152777781250001 0.29453125 0.6180555562500001 0.5125 0.6125 0.99921875 0.6111111109375 0.99921875 0.602777778125 0.90078125 0.602777778125 0.9 0.602777778125 0.37265625 0.6083333328125 0 0.60694444375 0 0.6152777781250001
1 0 0.6986111109375 0.27890625 0.6958333328124999 0.275 0.6916666671875 0.27107109375 0.6916666671875 0 0.6916666671875 0 0.6986111109375
1 0.74921875 0.6958333328124999 0.85078125 0.6944444437499999 0.87421875 0.690277778125 0.86171875 0.6861111109375 0.753125 0.6861111109375 0.75078125 0.6861111109375 0.7328125 0.690277778125 0.65390625 0.6888888890625 0.61484375 0.69305555625 0.74921875 0.6958333328124999
1 0.91640625 0.6861111109375 0.915625 0.684722221875 0.9078125 0.6916666671875 0.99921875 0.69305555625 0.99921875 0.6861111109375 0.91640625 0.6861111109375
1 0.99921875 0.76805555625 0.6796875 0.76805555625 0.6625 0.772222221875 0.65390625 0.76805555625 0.65234375 0.76805555625 0.64375 0.775 0.65546875 0.7791666671875 0.99921875 0.775 0.99921875 0.76805555625
1 0 0.7791666671875 0.08046875 0.784722221875 0.09765625 0.7791666671875 0.28671875 0.7805555562500001 0.29296875 0.775 0.15234375 0.772222221875 0.1484375 0.772222221875 0 0.7736111109375 0 0.7791666671875
1 0.4109375 0.772222221875 0.40625 0.772222221875 0.38984375 0.775 0.3921875 0.7791666671875 0.4421875 0.7763888890625 0.4109375 0.772222221875
1 0.23359375 0.85555555625 0.1140625 0.8583333328125 0.00703125 0.8541666671874999 0.00390625 0.8541666671874999 0 0.8583333328125 0.05546875 0.8638888890624999 0.2625 0.859722221875 0.23359375 0.85555555625
1 0.99921875 0.85694444375 0.99921875 0.8513888890624999 0.93828125 0.8513888890624999 0.933984375 0.8513888890624999 0.678125 0.85555555625 0.6765625 0.859722221875 0.865625 0.8611111109375 0.99921875 0.85694444375
1 0.0046875 0.94305555625 0.15703125 0.9444444437499999 0.1578125 0.940277778125 0.15234375 0.934722221875 0.1515625 0.9277777781250001 0.15 0.925 0.14609375 0.9333333328125001 0.13125 0.9388888890624999 0 0.9388888890624999 0.0046875 0.94305555625
1 0.99921875 0.9388888890624999 0.99921875 0.934722221875 0.9952640625000001 0.934722221875 0.715625 0.9375 0.7046875 0.9416666671874999 0.9640625 0.9416666671874999 0.99921875 0.9388888890624999
2 0.28671875 0.6611111109375 0.29140625 0.6611111109375 0.29609375 0.652777778125 0.29765625 0.6319444437499999 0.29375 0.622222221875 0.2890625 0.622222221875 0.278125 0.6416666671875 0.2828125 0.647222221875 0.2875 0.64444444375 0.28671875 0.6611111109375
0 0.4640625 0.8708333328125001 0.44921875 0.8833333328125 0.4359375 0.9055555562500001 0.41953125 0.9125 0.4 0.9111111109375001 0.3921875 0.915277778125 0.38671875 0.934722221875 0.38125 0.9444444437499999 0.375 0.9444444437499999 0.37421875 0.9513888890625 0.3921875 0.9986111109375001 0.53046875 0.9986111109375001 0.5328125 0.9875 0.53984375 0.9875 0.5421875 0.9986111109375001 0.54921875 0.9986111109375001 0.55625 0.9694444437499999 0.553125 0.93194444375 0.55625 0.925 0.55390625 0.8986111109375001 0.5484375 0.8888888890625 0.540625 0.8847222218749999 0.53515625 0.8736111109375001 0.521875 0.8708333328125001 0.51796875 0.8638888890624999 0.5140625 0.8388888890624999 0.50859375 0.8388888890624999 0.49375 0.852777778125 0.48125 0.8513888890624999 0.4703125 0.85694444375 0.4640625 0.8708333328125001
0 0.33359375 0.95694444375 0.33359375 0.9541666671875 0.33046875 0.9611111109375001 0.32578125 0.9986111109375001 0.3390625 0.9986111109375001 0.33359375 0.95694444375
3 0.93515625 0.40833333281249995 0.9375 0.41944444374999995 0.93359375 0.434722221875 0.93828125 0.4375 0.9390625 0.45 0.94609375 0.4583333328125 0.95078125 0.459722221875 0.95625 0.45416666718750004 0.95859375 0.440277778125 0.97109375 0.43333333281249997 0.99921875 0.434722221875 0.99921875 0.3541666671875 0.996875 0.352777778125 0.99921875 0.33055555625 0.975 0.33055555625 0.970703125 0.33055555625 0.9453125 0.34027777812500004 0.93671875 0.352777778125 0.93828125 0.372222221875 0.93515625 0.40833333281249995