1 0.5953125 0.5138888890625 0.5875 0.5097222218749999 0.4796875 0.5097222218749999 0.4734375 0.5125 0.46953125 0.5208333328125 0.47734375 0.525 0.55859375 0.525 0.5796875 0.5208333328125 0.5859375 0.515277778125 0.5953125 0.515277778125 0.5953125 0.5208333328125 0.59609375 0.5166666671875 0.6234375 0.515277778125 0.6265625 0.5208333328125 0.63046875 0.51805555625 0.6375 0.5236111109375 0.99921875 0.522222221875 0.99921875 0.50555555625 0.99523671875 0.50555555625 0.6015625 0.5083333328124999 0.5953125 0.5138888890625
1 0 0.5263888890625 0.12265625 0.5291666671875 0.128125 0.522222221875 0.13828125 0.5208333328125 0.15390625 0.522222221875 0.16015625 0.527777778125 0.2671875 0.5291666671875 0.2859375 0.527777778125 0.29453125 0.51944444375 0.30078125 0.5208333328125 0.29453125 0.5125 0.0203125 0.5125 0.01614609375 0.5125 0 0.5138888890625 0 0.5263888890625
1 0.33359375 0.5166666671875 0.3125 0.5236111109375 0.42421875 0.5263888890625 0.45 0.5138888890625 0.4328125 0.5083333328124999 0.43125 0.5083333328124999 0.3390625 0.5111111109375 0.33359375 0.5166666671875
3 0.9484375 0.3375 0.93203125 0.35972222187499997 0.9359375 0.3638888890625 0.9328125 0.372222221875 0.9359375 0.375 0.93515625 0.40972222187499996 0.9375 0.4166666671875 0.93203125 0.4361111109375 0.93671875 0.44166666718750003 0.9390625 0.4513888890625 0.94921875 0.459722221875 0.959375 0.4583333328125 0.96171875 0.4513888890625 0.96640625 0.4513888890625 0.95546875 0.4458333328125 0.9609375 0.4375 0.9703125 0.43194444374999996 0.98984375 0.43055555625 0.99921875 0.4166666671875 0.99921875 0.33055555625 0.990625 0.33055555625 0.98984375 0.3291666671875 0.96484375 0.33055555625 0.9484375 0.3375
1 0 0.6152777781250001 0.99921875 0.6111111109375 0.99921875 0.602777778125 0.8859375 0.6013888890625 0.884375 0.6013888890625 0.3109375 0.609722221875 0 0.60694444375 0 0.6152777781250001
1 0 0.6972222218749999 0.159375 0.6986111109375 0.27109375 0.6944444437499999 0.00859375 0.6916666671875 0.004296875 0.6916666671875 0 0.6916666671875 0 0.6972222218749999
1 0.35625 0.6986111109375 0.4578125 0.6986111109375 0.46484375 0.6944444437499999 0.4203125 0.6916666671875 0.41953125 0.690277778125 0.35 0.6944444437499999 0.35625 0.6986111109375
1 0.72421875 0.6958333328124999 0.8703125 0.69305555625 0.8734375 0.6888888890625 0.82109375 0.6875 0.817109375 0.6875 0.60703125 0.69305555625 0.72421875 0.6958333328124999
1 0.90703125 0.6916666671875 0.921875 0.69305555625 0.99921875 0.69305555625 0.99921875 0.6875 0.90859375 0.6875 0.9078125 0.6861111109375 0.90546875 0.6888888890625 0.90703125 0.6916666671875
1 0.63984375 0.775 0.99921875 0.775 0.99921875 0.76805555625 0.690625 0.7708333328125 0.65390625 0.7666666671875 0.65234375 0.7666666671875 0.6421875 0.76944444375 0.63984375 0.775
1 0.00625 0.777777778125 0.275 0.7791666671875 0.278125 0.775 0.1453125 0.772222221875 0.14140625 0.772222221875 0.009375 0.7736111109375 0.00625 0.777777778125
1 0.37578125 0.7791666671875 0.4390625 0.7791666671875 0.44921875 0.775 0.3703125 0.7708333328125 0.36875 0.7708333328125 0.36015625 0.775 0.37578125 0.7791666671875
1 0 0.859722221875 0.11640625 0.8652777781250001 0.25078125 0.8611111109375 0.00703125 0.852777778125 0.00390625 0.852777778125 0 0.8541666671874999 0 0.859722221875
1 0.7046875 0.8625 0.99921875 0.85694444375 0.99921875 0.852777778125 0.88359375 0.852777778125 0.87734375 0.852777778125 0.66953125 0.8583333328125 0.7046875 0.8625
1 0.08359375 0.9444444437499999 0.15078125 0.9416666671874999 0.1359375 0.9375 0.01015625 0.9361111109375001 0.00625 0.9361111109375001 0.00234375 0.940277778125 0.08359375 0.9444444437499999
1 0.71015625 0.9375 0.696875 0.9388888890624999 0.696875 0.94305555625 0.99921875 0.9388888890624999 0.996875 0.9333333328125001 0.95234375 0.9333333328125001 0.9484375 0.9333333328125001 0.8734375 0.9375 0.71015625 0.9375
1 0.32734375 0.7791666671875 0.33359375 0.7819444437499999 0.3421875 0.777777778125 0.3390625 0.7666666671875 0.333984375 0.7666666671875 0.328125 0.76805555625 0.32734375 0.7791666671875
0 0.48203125 0.8486111109375001 0.465625 0.8458333328125001 0.45703125 0.8583333328125 0.4515625 0.8736111109375001 0.43984375 0.8833333328125 0.42734375 0.9083333328125001 0.4140625 0.9138888890624999 0.3953125 0.9125 0.3828125 0.9208333328125 0.3765625 0.94305555625 0.36875 0.9513888890625 0.36328125 0.95 0.36484375 0.959722221875 0.38046875 0.9986111109375001 0.51796875 0.9986111109375001 0.521875 0.972222221875 0.53046875 0.9666666671874999 0.5390625 0.9541666671875 0.54375 0.93194444375 0.54453125 0.909722221875 0.53984375 0.877777778125 0.53203125 0.8736111109375001 0.5265625 0.8638888890624999 0.51328125 0.8652777781250001 0.51015625 0.859722221875 0.50546875 0.8291666671875 0.50078125 0.8291666671875 0.490625 0.8430555562500001 0.48203125 0.8486111109375001
0 0.31953125 0.9986111109375001 0.32890625 0.9986111109375001 0.32578125 0.972222221875 0.32265625 0.965277778125 0.321875 0.965277778125 0.31875 0.9833333328125 0.31953125 0.9986111109375001
2 0.2671875 0.6916666671875 0.2703125 0.6944444437499999 0.27265625 0.6916666671875 0.271875 0.6763888890625 0.2765625 0.66944444375 0.275 0.6638888890625 0.27109375 0.6638888890625 0.26640625 0.6736111109375 0.2671875 0.6916666671875
2 0.28359375 0.6625 0.2953125 0.6611111109375 0.2859375 0.6861111109375 0.2890625 0.6916666671875 0.29609375 0.684722221875 0.3046875 0.6458333328125 0.31484375 0.6236111109375 0.309375 0.6208333328125 0.303125 0.627777778125 0.2984375 0.627777778125 0.29296875 0.6208333328125 0.28984375 0.6208333328125 0.27734375 0.6416666671875 0.28359375 0.6625