1 0 0.525 0.11171875 0.527777778125 0.12890625 0.51944444375 0.15078125 0.51805555625 0.1609375 0.525 0.17265625 0.5263888890625 0.1921875 0.5208333328125 0.2046875 0.5263888890625 0.2671875 0.527777778125 0.42421875 0.5263888890625 0.45703125 0.522222221875 0.578125 0.525 0.59765625 0.515277778125 0.63984375 0.515277778125 0.6484375 0.522222221875 0.68125 0.5236111109375 0.99921875 0.5208333328125 0.99921875 0.50555555625 0.99375 0.5041666671875 0.9046875 0.5041666671875 0.90078125 0.5041666671875 0.8734375 0.5083333328124999 0.48125 0.5097222218749999 0.475 0.515277778125 0.45546875 0.5111111109375 0 0.5125 0 0.525
1 0 0.6138888890625 0.40625 0.6166666671875001 0.53125 0.6111111109375 0.99921875 0.6111111109375 0.99921875 0.602777778125 0.96640625 0.6013888890625 0.96197890625 0.6013888890625 0.54140625 0.6041666671875 0.3421875 0.609722221875 0.00703125 0.6083333328125 0 0.609722221875 0 0.6138888890625
1 0 0.6972222218749999 0.275 0.6972222218749999 0.27109375 0.6916666671875 0.0296875 0.6916666671875 0.02544609375 0.6916666671875 0 0.6916666671875 0 0.6972222218749999
1 0.99375 0.6861111109375 0.94765625 0.6875 0.946875 0.6861111109375 0.57734375 0.69305555625 0.99921875 0.69305555625 0.99921875 0.6875 0.99375 0.6861111109375
1 0.4421875 0.7791666671875 0.4484375 0.775 0.0671875 0.772222221875 0.06171875 0.772222221875 0.0078125 0.7736111109375 0.00625 0.777777778125 0.2515625 0.7819444437499999 0.4421875 0.7791666671875
1 0.75 0.775 0.68125 0.7708333328125 0.5640625 0.772222221875 0.56015625 0.76805555625 0.53203125 0.7708333328125 0.52890625 0.7666666671875 0.51328125 0.7666666671875 0.5125 0.7666666671875 0.50546875 0.775 0.525 0.7791666671875 0.7203125 0.7791666671875 0.75 0.775
1 0.99921875 0.775 0.99921875 0.76805555625 0.8734375 0.7666666671875 0.8671875 0.7666666671875 0.8609375 0.76805555625 0.859375 0.7736111109375 0.884375 0.777777778125 0.99921875 0.775
1 0 0.859722221875 0.003125 0.8611111109375 0.04609375 0.8652777781250001 0.29609375 0.8666666671875 0.409375 0.8652777781250001 0.42421875 0.8611111109375 0.415625 0.85694444375 0.3890625 0.85555555625 0.2359375 0.85555555625 0.2125 0.85 0.2109375 0.8541666671874999 0.1890625 0.85 0.18515625 0.8541666671874999 0.03203125 0.8541666671874999 0.00546875 0.85 0.0015625 0.8458333328125001 0 0.8458333328125001 0 0.859722221875
1 0.8890625 0.8611111109375 0.903125 0.8625 0.99140625 0.8611111109375 0.99921875 0.859722221875 0.99921875 0.85 0.995071875 0.85 0.89921875 0.8513888890624999 0.8890625 0.852777778125 0.88671875 0.85694444375 0.8890625 0.8611111109375
1 0.01171875 0.9444444437499999 0.134375 0.9444444437499999 0.14765625 0.9458333328125 0.14921875 0.95 0.16484375 0.9444444437499999 0.26875 0.9472222218749999 0.29609375 0.94305555625 0.26796875 0.9388888890624999 0.15703125 0.9375 0.153125 0.9305555562500001 0.15 0.9305555562500001 0.146875 0.9375 0.00859375 0.9361111109375001 0.00234375 0.940277778125 0.01171875 0.9444444437499999
1 0.93671875 0.9444444437499999 0.99921875 0.940277778125 0.99921875 0.93194444375 0.99140625 0.9305555562500001 0.94375 0.93194444375 0.94296875 0.9305555562500001 0.91640625 0.93194444375 0.9078125 0.934722221875 0.90703125 0.9416666671874999 0.93671875 0.9444444437499999
0 0.69609375 0.9361111109375001 0.678125 0.9361111109375001 0.665625 0.9472222218749999 0.64609375 0.9486111109375001 0.61328125 0.9375 0.5796875 0.9611111109375001 0.57578125 0.9694444437499999 0.571875 0.9680555562500001 0.5546875 0.94305555625 0.55234375 0.9305555562500001 0.54765625 0.925 0.53671875 0.897222221875 0.53515625 0.91944444375 0.5734375 0.9986111109375001 0.75 0.9986111109375001 0.7609375 0.9541666671875 0.77578125 0.909722221875 0.77890625 0.890277778125 0.77890625 0.877777778125 0.77578125 0.875 0.7734375 0.875 0.7515625 0.909722221875 0.73984375 0.922222221875 0.7125 0.91805555625 0.69609375 0.9361111109375001
2 0.35078125 0.6736111109375 0.33671875 0.6138888890625 0.32734375 0.6111111109375 0.2828125 0.6208333328125 0.26640625 0.6708333328125 0.2671875 0.69305555625 0.275 0.6986111109375 0.3390625 0.6944444437499999 0.35078125 0.6736111109375
2 0.36875 0.69305555625 0.42734375 0.6944444437499999 0.4359375 0.6805555562500001 0.45234375 0.6777777781250001 0.45625 0.6708333328125 0.45078125 0.6569444437499999 0.4234375 0.6569444437499999 0.41171875 0.65 0.4046875 0.6208333328125 0.390625 0.622222221875 0.38984375 0.6388888890625 0.38203125 0.6638888890625 0.36796875 0.6875 0.36875 0.69305555625
3 0.99921875 0.42222222187499997 0.99921875 0.33194444375 0.9609375 0.3333333328125 0.9453125 0.3416666671875 0.93125 0.3611111109375 0.93515625 0.40694444374999994 0.94765625 0.4166666671875 0.946875 0.44305555625000004 0.99921875 0.42222222187499997