1 0.87578125 0.50555555625 0.4796875 0.5125 0.48515625 0.515277778125 0.4859375 0.5208333328125 0.48984375 0.515277778125 0.4984375 0.5236111109375 0.509375 0.525 0.55625 0.525 0.578125 0.515277778125 0.65625 0.515277778125 0.66484375 0.5236111109375 0.76640625 0.525 0.99921875 0.5208333328125 0.99921875 0.50555555625 0.9671875 0.5041666671875 0.96171875 0.5041666671875 0.94375 0.5083333328124999 0.87578125 0.50555555625
1 0 0.525 0.02109375 0.527777778125 0.02890625 0.5236111109375 0.0484375 0.527777778125 0.06015625 0.5236111109375 0.0625 0.527777778125 0.08828125 0.5291666671875 0.10859375 0.5208333328125 0.12265625 0.51944444375 0.146875 0.525 0.15390625 0.51944444375 0.15859375 0.5263888890625 0.29140625 0.527777778125 0.31015625 0.5208333328125 0.31328125 0.525 0.32890625 0.5263888890625 0.4359375 0.5263888890625 0.44375 0.5208333328125 0.440625 0.5125 0.33671875 0.5111111109375 0.3328125 0.5111111109375 0.15546875 0.5125 0.15 0.51805555625 0.14296875 0.5125 0.00703125 0.5125 0 0.5138888890625 0 0.525
1 0.3890625 0.6111111109375 0.99921875 0.6111111109375 0.99921875 0.602777778125 0.91796875 0.602777778125 0.91484375 0.602777778125 0.5 0.6041666671875 0.3890625 0.6111111109375
1 0 0.6138888890625 0.33125 0.6166666671875001 0.37265625 0.6152777781250001 0.38046875 0.6111111109375 0.01796875 0.6083333328125 0.0134765625 0.6083333328125 0 0.6083333328125 0 0.6138888890625
1 0 0.6972222218749999 0.27421875 0.6972222218749999 0.27109375 0.6916666671875 0.01015625 0.6916666671875 0.005078125 0.6916666671875 0 0.6916666671875 0 0.6972222218749999
1 0.6640625 0.69305555625 0.76328125 0.6958333328124999 0.83125 0.6916666671875 0.81015625 0.6875 0.80625 0.6875 0.7125 0.6875 0.6640625 0.69305555625
1 0.884375 0.6916666671875 0.99921875 0.69305555625 0.99921875 0.6875 0.996875 0.6861111109375 0.90859375 0.6861111109375 0.9078125 0.6861111109375 0.8859375 0.6875 0.884375 0.6916666671875
1 0.403125 0.6972222218749999 0.46015625 0.6972222218749999 0.47578125 0.69305555625 0.428125 0.690277778125 0.42421875 0.690277778125 0.4 0.69305555625 0.403125 0.6972222218749999
1 0.6109375 0.69305555625 0.6 0.6888888890625 0.55 0.6888888890625 0.5484375 0.6888888890625 0.5328125 0.69305555625 0.6109375 0.69305555625
1 0.84453125 0.69305555625 0.8765625 0.6916666671875 0.85390625 0.6875 0.853125 0.6861111109375 0.84296875 0.6888888890625 0.84453125 0.69305555625
1 0.75703125 0.7736111109375 0.99921875 0.775 0.99921875 0.76805555625 0.79453125 0.7666666671875 0.79375 0.7666666671875 0.76015625 0.76805555625 0.75703125 0.7736111109375
1 0 0.777777778125 0.32890625 0.7763888890625 0.3 0.772222221875 0.15078125 0.772222221875 0.15 0.7708333328125 0.00234375 0.7736111109375 0 0.777777778125
1 0.4390625 0.7791666671875 0.51171875 0.775 0.45078125 0.76944444375 0.45 0.76944444375 0.43125 0.7763888890625 0.4390625 0.7791666671875
1 0.7265625 0.7763888890625 0.746875 0.7708333328125 0.7328125 0.76805555625 0.73203125 0.7666666671875 0.71875 0.7708333328125 0.7265625 0.7763888890625
1 0 0.859722221875 0.01171875 0.8625 0.28828125 0.8611111109375 0.27578125 0.85694444375 0.20234375 0.8541666671874999 0.009375 0.8541666671874999 0.0015625 0.847222221875 0 0.847222221875 0 0.859722221875
1 0.73203125 0.85694444375 0.73984375 0.8611111109375 0.99921875 0.85694444375 0.99921875 0.8513888890624999 0.99609375 0.85 0.93984375 0.8513888890624999 0.9390625 0.85 0.74765625 0.852777778125 0.73203125 0.85694444375
1 0.12265625 0.9388888890624999 0 0.9388888890624999 0.0109375 0.94305555625 0.14609375 0.94305555625 0.15234375 0.9472222218749999 0.15859375 0.94305555625 0.1515625 0.9361111109375001 0.15 0.9333333328125001 0.1484375 0.9375 0.12265625 0.9388888890624999
1 0.15390625 0.9472222218749999 0.15390625 0.9375 0.1515625 0.934722221875 0.15390625 0.9041666671874999 0.15234375 0.902777778125 0.15 0.902777778125 0.15 0.94305555625 0.15390625 0.9472222218749999
1 0.759375 0.9388888890624999 0.759375 0.94305555625 0.92734375 0.94305555625 0.99921875 0.9388888890624999 0.99921875 0.934722221875 0.9953125 0.934722221875 0.78046875 0.9375 0.759375 0.9388888890624999
0 0.53984375 0.852777778125 0.5265625 0.8736111109375001 0.50234375 0.8986111109375001 0.478125 0.909722221875 0.45390625 0.9083333328125001 0.44609375 0.9236111109375 0.4421875 0.9416666671874999 0.42265625 0.9375 0.42265625 0.9472222218749999 0.44453125 0.9986111109375001 0.57734375 0.9986111109375001 0.57421875 0.9513888890625 0.57890625 0.9069444437499999 0.58515625 0.9013888890624999 0.59140625 0.9208333328125 0.5953125 0.9263888890624999 0.60078125 0.925 0.6015625 0.9277777781250001 0.596875 0.9333333328125001 0.59921875 0.9388888890624999 0.60703125 0.9305555562500001 0.60625 0.909722221875 0.61484375 0.9055555562500001 0.61484375 0.9 0.60703125 0.8833333328125 0.5890625 0.88055555625 0.5859375 0.8763888890624999 0.58359375 0.8263888890625 0.58203125 0.8263888890625 0.5578125 0.85555555625 0.53984375 0.852777778125
0 0.3890625 0.9986111109375001 0.38828125 0.98055555625 0.38125 0.95694444375 0.38046875 0.95694444375 0.3765625 0.9986111109375001 0.3890625 0.9986111109375001
2 0.309375 0.622222221875 0.30390625 0.6291666671875 0.2984375 0.6291666671875 0.29375 0.622222221875 0.28515625 0.6263888890625 0.27890625 0.640277778125 0.27890625 0.6458333328125 0.28203125 0.6486111109375 0.28203125 0.6583333328125 0.2890625 0.6625 0.29453125 0.6569444437499999 0.29609375 0.6666666671875 0.2890625 0.6833333328125 0.28203125 0.6916666671875 0.27421875 0.6861111109375 0.2734375 0.6777777781250001 0.27734375 0.66944444375 0.27109375 0.665277778125 0.2671875 0.672222221875 0.26953125 0.6916666671875 0.27734375 0.6986111109375 0.2875 0.6958333328124999 0.29453125 0.6875 0.29765625 0.6875 0.2984375 0.69305555625 0.30390625 0.69305555625 0.31328125 0.665277778125 0.31875 0.6583333328125 0.3203125 0.64444444375 0.3296875 0.625 0.32734375 0.6166666671875001 0.3234375 0.6166666671875001 0.31796875 0.6236111109375 0.309375 0.622222221875
3 0.93984375 0.34444444375 0.93046875 0.3625 0.93125 0.40416666718750005 0.93515625 0.41111111093749997 0.93125 0.4291666671875 0.9328125 0.4375 0.9390625 0.447222221875 0.95078125 0.4486111109375 0.9578125 0.43333333281249997 0.9875 0.4291666671875 0.99453125 0.4263888890625 0.99921875 0.41805555625 0.99921875 0.40694444374999994 0.996875 0.40555555625000006 0.99921875 0.40138888906250003 0.99921875 0.33055555625 0.97578125 0.3291666671875 0.9734375 0.3291666671875 0.9546875 0.3333333328125 0.93984375 0.34444444375