1 0 0.5263888890625 0.128125 0.527777778125 0.15625 0.51944444375 0.1734375 0.527777778125 0.45546875 0.527777778125 0.56484375 0.525 0.58671875 0.5138888890625 0.4953125 0.5111111109375 0 0.5125 0 0.5263888890625
1 0.99921875 0.5069444437499999 0.97734375 0.5069444437499999 0.96484375 0.515277778125 0.95078125 0.50555555625 0.61171875 0.5111111109375 0.6109375 0.522222221875 0.6171875 0.525 0.99921875 0.5208333328125 0.99921875 0.5069444437499999
1 0 0.6152777781250001 0.4203125 0.6166666671875001 0.48046875 0.6111111109375 0.47265625 0.6083333328125 0 0.6083333328125 0 0.6152777781250001
1 0.99921875 0.602777778125 0.49921875 0.6083333328125 0.49609375 0.6111111109375 0.978125 0.6125 0.99921875 0.6111111109375 0.99921875 0.602777778125
1 0 0.7013888890625 0.02890625 0.70555555625 0.0375 0.7 0.04375 0.7041666671875 0.04921875 0.7 0.128515625 0.702777778125 0.1578125 0.7083333328125 0.2265625 0.6972222218749999 0.175 0.6916666671875 0 0.6916666671875 0 0.7013888890625
1 0.7640625 0.6888888890625 0.53671875 0.6916666671875 0.53984375 0.6972222218749999 0.5796875 0.6986111109375 0.8171875 0.69305555625 0.7640625 0.6888888890625
1 0.99921875 0.6875 0.99453125 0.6861111109375 0.84453125 0.690277778125 0.84296875 0.69305555625 0.853125 0.6944444437499999 0.99921875 0.6944444437499999 0.99921875 0.6875
1 0.996875 0.7666666671875 0.853125 0.7638888890625 0.8453125 0.76944444375 0.8453125 0.775 0.8609375 0.777777778125 0.99921875 0.775 0.996875 0.7666666671875
1 0.60390625 0.7736111109375 0.59140625 0.76805555625 0.56328125 0.772222221875 0.54453125 0.7666666671875 0.51015625 0.7666666671875 0.5078125 0.772222221875 0.5015625 0.772222221875 0.5015625 0.777777778125 0.50859375 0.7791666671875 0.584375 0.7791666671875 0.60390625 0.7736111109375
1 0.6203125 0.7666666671875 0.6078125 0.7736111109375 0.6265625 0.7791666671875 0.68515625 0.777777778125 0.6890625 0.7708333328125 0.6203125 0.7666666671875
1 0 0.7791666671875 0.37734375 0.7819444437499999 0.375 0.775 0.21640625 0.775 0.15 0.75555555625 0.128621875 0.772222221875 0 0.772222221875 0 0.7791666671875
1 0.35 0.8611111109375 0.00390625 0.852777778125 0 0.8583333328125 0.053125 0.8652777781250001 0.31875 0.8666666671875 0.35 0.8611111109375
1 0.875 0.85555555625 0.875 0.859722221875 0.99921875 0.8583333328125 0.99921875 0.852777778125 0.875 0.85555555625
1 0.16328125 0.9444444437499999 0.29453125 0.94305555625 0.2765625 0.9375 0.0078125 0.9361111109375001 0.00234375 0.940277778125 0.1380578125 0.9444444437499999 0.15 0.95 0.16328125 0.9444444437499999
1 0.98984375 0.9388888890624999 0.9875 0.934722221875 0.9 0.9375 0.9 0.94305555625 0.9234375 0.95 0.98203125 0.9444444437499999 0.98984375 0.9388888890624999
1 0.16171875 0.7791666671875 0.1546875 0.715277778125 0.1515625 0.7166666671875 0.1484375 0.73194444375 0.14375 0.777777778125 0.1515625 0.7986111109375 0.1578125 0.7958333328125 0.16171875 0.7791666671875
1 0.44453125 0.775 0.4 0.777777778125 0.4 0.7819444437499999 0.4171875 0.7833333328125 0.4484375 0.7791666671875 0.44453125 0.775
0 0.7625 0.8680555562500001 0.75859375 0.8611111109375 0.734375 0.9125 0.72578125 0.922222221875 0.70859375 0.91805555625 0.69375 0.934722221875 0.68671875 0.9388888890624999 0.6734375 0.9361111109375001 0.6578125 0.9486111109375001 0.62890625 0.9486111109375001 0.6109375 0.9416666671874999 0.59296875 0.9611111109375001 0.59375 0.972222221875 0.58046875 0.98194444375 0.559375 0.9611111109375001 0.5390625 0.9083333328125001 0.53671875 0.9041666671874999 0.53515625 0.9083333328125001 0.534375 0.9263888890624999 0.56953125 0.9986111109375001 0.73515625 0.9986111109375001 0.7625 0.8680555562500001
3 0.99921875 0.42222222187499997 0.99921875 0.33055555625 0.9625 0.33194444375 0.9453125 0.34027777812500004 0.9328125 0.35694444375 0.92890625 0.36805555624999997 0.934375 0.40694444374999994 0.95078125 0.440277778125 0.99921875 0.42222222187499997
2 0.34921875 0.6791666671875001 0.34453125 0.6555555562500001 0.32734375 0.6375 0.33125 0.622222221875 0.3265625 0.6166666671875001 0.2859375 0.6263888890625 0.27890625 0.640277778125 0.28046875 0.6611111109375 0.2671875 0.6708333328125 0.2671875 0.690277778125 0.27578125 0.7 0.3375 0.6958333328124999 0.34921875 0.6791666671875001
2 0.40859375 0.6958333328124999 0.42734375 0.69305555625 0.43984375 0.6888888890625 0.4484375 0.665277778125 0.446875 0.6555555562500001 0.40546875 0.6569444437499999 0.40390625 0.622222221875 0.39921875 0.622222221875 0.39140625 0.6333333328124999 0.36875 0.6916666671875 0.38359375 0.6972222218749999 0.4015625 0.6916666671875 0.40859375 0.6958333328124999