1 0 0.522222221875 0.0296875 0.525 0.04375 0.51944444375 0.0453125 0.5236111109375 0.07578125 0.51944444375 0.0796875 0.525 0.10703125 0.5208333328125 0.12578125 0.5263888890625 0.15 0.5208333328125 0.15546875 0.525 0.1734375 0.5263888890625 0.43125 0.522222221875 0.5484375 0.525 0.5640625 0.5166666671875 0.59140625 0.5166666671875 0.5953125 0.522222221875 0.603125 0.5236111109375 0.99921875 0.5208333328125 0.99921875 0.50555555625 0.9015625 0.5041666671875 0.897265625 0.5041666671875 0.85703125 0.5083333328124999 0 0.5125 0 0.522222221875
1 0 0.6152777781250001 0.40546875 0.6166666671875001 0.5078125 0.6125 0.99921875 0.6111111109375 0.99921875 0.602777778125 0.96484375 0.6013888890625 0.9609375 0.6013888890625 0.803125 0.60555555625 0.49375 0.6041666671875 0.34140625 0.609722221875 0.009375 0.60694444375 0 0.6083333328125 0 0.6152777781250001
1 0.271875 0.69305555625 0.16015625 0.6916666671875 0.15617187500000002 0.6916666671875 0.0984375 0.6958333328124999 0.1484375 0.7 0.2734375 0.6972222218749999 0.271875 0.69305555625
1 0 0.6972222218749999 0.07421875 0.6972222218749999 0.08046875 0.69305555625 0.0109375 0.6916666671875 0.00546875 0.6916666671875 0 0.6916666671875 0 0.6972222218749999
1 0.85 0.6875 0.6765625 0.6875 0.67109375 0.6875 0.51015625 0.69305555625 0.78984375 0.6958333328124999 0.85234375 0.6916666671875 0.85 0.6875
1 0.9890625 0.6888888890625 0.91640625 0.6875 0.915625 0.6861111109375 0.875 0.6875 0.86796875 0.6916666671875 0.98359375 0.69305555625 0.9890625 0.6888888890625
1 0 0.7791666671875 0.146875 0.7805555562500001 0.1578125 0.784722221875 0.48671875 0.7791666671875 0.49296875 0.775 0.16796875 0.772222221875 0.16390625 0.772222221875 0 0.7736111109375 0 0.7791666671875
1 0.81484375 0.7708333328125 0.67109375 0.76805555625 0.6671875 0.76805555625 0.6609375 0.7736111109375 0.7984375 0.777777778125 0.81171875 0.7763888890625 0.81484375 0.7708333328125
1 0.99921875 0.76805555625 0.90625 0.76805555625 0.9015625 0.76805555625 0.8984375 0.7736111109375 0.9046875 0.7763888890625 0.99921875 0.775 0.99921875 0.76805555625
1 0.56015625 0.76805555625 0.55078125 0.772222221875 0.54453125 0.76805555625 0.54296875 0.76805555625 0.53671875 0.775 0.62578125 0.775 0.56328125 0.772222221875 0.56015625 0.76805555625
1 0 0.859722221875 0.06953125 0.8652777781250001 0.4390625 0.8652777781250001 0.503125 0.8611111109375 0.50234375 0.85694444375 0.49765625 0.85555555625 0.23671875 0.8583333328125 0.0078125 0.8541666671874999 0.003125 0.8541666671874999 0 0.85555555625 0 0.859722221875
1 0.9328125 0.85555555625 0.99921875 0.85694444375 0.99921875 0.8416666671874999 0.98984375 0.8375 0.9875 0.8375 0.97421875 0.8430555562500001 0.94609375 0.8416666671874999 0.93984375 0.8444444437499999 0.9328125 0.85555555625
1 0.00546875 0.94305555625 0.134375 0.94305555625 0.15 0.9472222218749999 0.3609375 0.9472222218749999 0.375 0.94305555625 0.34296875 0.9388888890624999 0.15859375 0.934722221875 0.1578125 0.9333333328125001 0.15390625 0.9375 0.134375 0.9388888890624999 0.00234375 0.9388888890624999 0.00546875 0.94305555625
1 0.9625 0.95 0.99921875 0.9541666671875 0.99921875 0.9333333328125001 0.994921875 0.9333333328125001 0.96484375 0.9333333328125001 0.9578125 0.9388888890624999 0.96640625 0.9472222218749999 0.9625 0.95
0 0.77890625 0.9277777781250001 0.7703125 0.934722221875 0.759375 0.9277777781250001 0.7484375 0.9513888890625 0.73359375 0.9541666671875 0.72109375 0.9680555562500001 0.68125 0.972222221875 0.665625 0.965277778125 0.65390625 0.9736111109375001 0.65390625 0.9833333328125 0.6421875 0.9833333328125 0.62734375 0.9958333328125001 0.61484375 0.9833333328125 0.5859375 0.9236111109375 0.58203125 0.9236111109375 0.58203125 0.9333333328125001 0.58671875 0.95 0.59296875 0.9541666671875 0.5953125 0.9638888890624999 0.6078125 0.9861111109375 0.6109375 0.9986111109375001 0.62890625 0.9986111109375001 0.634375 0.9930555562500001 0.6390625 0.9986111109375001 0.80625 0.9986111109375001 0.8125 0.9680555562500001 0.8203125 0.9458333328125 0.8234375 0.9 0.81875 0.89444444375 0.81796875 0.89305555625 0.81328125 0.8958333328125001 0.79765625 0.9208333328125 0.78671875 0.9305555562500001 0.77890625 0.9277777781250001
0 0.8390625 0.977777778125 0.8359375 0.98194444375 0.8375 0.9958333328125001 0.840625 0.9861111109375 0.84609375 0.9861111109375 0.85078125 0.977777778125 0.85078125 0.9666666671874999 0.8453125 0.965277778125 0.8421875 0.9541666671875 0.83046875 0.9472222218749999 0.8296875 0.9472222218749999 0.82734375 0.95 0.82734375 0.9625 0.8390625 0.9694444437499999 0.8390625 0.977777778125
1 0.1609375 0.9416666671874999 0.15546875 0.9305555562500001 0.15390625 0.9069444437499999 0.15 0.9069444437499999 0.15 0.9680555562500001 0.15390625 0.9638888890624999 0.15625 0.9472222218749999 0.1609375 0.9416666671874999
1 0.1578125 0.7625 0.1546875 0.7597222218749999 0.1578125 0.75 0.1578125 0.727777778125 0.15078125 0.7125 0.15 0.7125 0.15 0.7333333328125 0.15390625 0.7430555562500001 0.15390625 0.765277778125 0.1578125 0.7625
3 0.9359375 0.3638888890625 0.93359375 0.372222221875 0.9375 0.3791666671875 0.9359375 0.40833333281249995 0.9515625 0.434722221875 0.94765625 0.4388888890625 0.965625 0.434722221875 0.9703125 0.4291666671875 0.99921875 0.425 0.99921875 0.33055555625 0.9950890625 0.33055555625 0.95859375 0.3333333328125 0.94453125 0.3416666671875 0.93203125 0.3611111109375 0.9359375 0.3638888890625
2 0.29765625 0.627777778125 0.29453125 0.622222221875 0.28515625 0.625 0.278125 0.6416666671875 0.28203125 0.652777778125 0.28125 0.6625 0.2703125 0.665277778125 0.2671875 0.6708333328125 0.2671875 0.6861111109375 0.275 0.6972222218749999 0.2859375 0.6972222218749999 0.29453125 0.6888888890625 0.30234375 0.6958333328124999 0.309375 0.6875 0.31484375 0.6944444437499999 0.340625 0.69305555625 0.3484375 0.6805555562500001 0.34921875 0.6736111109375 0.34453125 0.66944444375 0.34453125 0.6541666671875 0.3421875 0.65 0.3296875 0.652777778125 0.32265625 0.6458333328125 0.33125 0.622222221875 0.328125 0.6152777781250001 0.32421875 0.6152777781250001 0.31796875 0.622222221875 0.30859375 0.622222221875 0.30390625 0.627777778125 0.29765625 0.627777778125
2 0.36796875 0.69305555625 0.4453125 0.6944444437499999 0.4515625 0.6861111109375 0.45546875 0.66944444375 0.45 0.6569444437499999 0.41328125 0.6541666671875 0.40625 0.6388888890625 0.4046875 0.6236111109375 0.40078125 0.622222221875 0.4 0.6208333328125 0.39140625 0.6333333328124999 0.38359375 0.6611111109375 0.3671875 0.6888888890625 0.36796875 0.69305555625