1 0.0953125 0.08333333281250001 0.09140625 0.090277778125 0.0859375 0.0791666671875 0.040625 0.084722221875 0.0328125 0.097222221875 0.02890625 0.1166666671875 0.0171875 0.1166666671875 0.01640625 0.1208333328125 0.09921875 0.1208333328125 0.1046875 0.11388888906250001 0.1046875 0.08333333281250001 0.10703125 0.075 0.103125 0.075 0.09921875 0.084722221875 0.0953125 0.08333333281250001
1 0 0.2708333328125 0.00546875 0.27638888906250003 0.01328125 0.272222221875 0.01640625 0.275 0.01640625 0.28055555625 0.02109375 0.27777777812500004 0.03828125 0.28611111093749997 0.075 0.2875 0.10703125 0.28611111093749997 0.12109375 0.2708333328125 0.1171875 0.2541666671875 0.11875 0.2388888890625 0.0953125 0.22916666718749998 0.09140625 0.20972222187499998 0.08515625 0.20277777812500003 0.07421875 0.20138888906250002 0.06875 0.20138888906250002 0.053125 0.20833333281250002 0.02890625 0.20833333281250002 0.0234375 0.2125 0.01484375 0.23611111093749998 0 0.24583333281250003 0 0.2708333328125
1 0.50703125 0.20416666718749998 0.5484375 0.20833333281250002 0.60234375 0.20416666718749998 0.5984375 0.2 0.521875 0.1986111109375 0.51875 0.1986111109375 0.5078125 0.2 0.50703125 0.20416666718749998
1 0.4015625 0.20555555625 0.490625 0.20416666718749998 0.478125 0.1986111109375 0.4375 0.1986111109375 0.4334203125 0.1986111109375 0.3921875 0.20138888906250002 0.4015625 0.20555555625
1 0.34375 0.20555555625 0.37578125 0.20416666718749998 0.3765625 0.2 0.3734375 0.1986111109375 0.3693359375 0.1986111109375 0.33671875 0.20138888906250002 0.34375 0.20555555625
1 0.65 0.20833333281250002 0.671875 0.20833333281250002 0.67578125 0.20416666718749998 0.67265625 0.20277777812500003 0.66875 0.20277777812500003 0.646875 0.20416666718749998 0.65 0.20833333281250002
1 0.8109375 0.20833333281250002 0.8109375 0.20277777812500003 0.80703125 0.20277777812500003 0.78125 0.20555555625 0.8109375 0.20833333281250002
1 0.77578125 0.20833333281250002 0.7796875 0.20416666718749998 0.77265625 0.20277777812500003 0.765625 0.20277777812500003 0.75859375 0.20833333281250002 0.77578125 0.20833333281250002
1 0.5875 0.372222221875 0.76484375 0.372222221875 0.7328125 0.36666666718749996 0.59609375 0.36805555624999997 0.5953125 0.36666666718749996 0.58828125 0.36805555624999997 0.5875 0.372222221875
1 0.81953125 0.372222221875 0.88828125 0.3763888890625 0.909375 0.375 0.91328125 0.372222221875 0.91171875 0.36805555624999997 0.9077414062500001 0.36805555624999997 0.82421875 0.36805555624999997 0.81953125 0.372222221875
1 0.2859375 0.36805555624999997 0.37421875 0.36944444375 0.3734375 0.3638888890625 0.3693828125 0.3638888890625 0.28828125 0.3638888890625 0.2859375 0.36805555624999997
1 0 0.36944444375 0.0515625 0.36944444375 0.0546875 0.365277778125 0.03671875 0.3611111109375 0.0359375 0.3611111109375 0 0.3625 0 0.36944444375
1 0.2640625 0.36805555624999997 0.259375 0.3638888890625 0.19375 0.3625 0.19140625 0.3625 0.1875 0.36805555624999997 0.2640625 0.36805555624999997
1 0.7875 0.372222221875 0.81640625 0.372222221875 0.8125 0.36805555624999997 0.80859375 0.36805555624999997 0.7890625 0.36805555624999997 0.7875 0.372222221875
1 0.4984375 0.36944444375 0.47265625 0.365277778125 0.4703125 0.365277778125 0.46171875 0.36944444375 0.4984375 0.36944444375
1 0.16328125 0.45 0.19453125 0.4486111109375 0.1875 0.44166666718750003 0.18515625 0.44166666718750003 0.16484375 0.4458333328125 0.16328125 0.45
1 0.50390625 0.45416666718750004 0.50390625 0.45 0.49921875 0.4458333328125 0.49765625 0.4458333328125 0.47734375 0.4513888890625 0.50390625 0.45416666718750004
1 0.66953125 0.4486111109375 0.665625 0.45416666718750004 0.7125 0.45416666718750004 0.709375 0.45 0.69375 0.45 0.68984375 0.44444444375 0.6890625 0.44305555625000004 0.68671875 0.45 0.66953125 0.4486111109375
1 0.91875 0.45416666718750004 0.92109375 0.4583333328125 0.9625 0.45555555625000005 0.95546875 0.45 0.9359375 0.4486111109375 0.93515625 0.4486111109375 0.92265625 0.45 0.91875 0.45416666718750004
1 0.18515625 0.5333333328125 0.24296875 0.5375 0.590625 0.5361111109375 0.578125 0.5319444437499999 0.4546875 0.5333333328125 0.2125 0.527777778125 0.20796874999999998 0.527777778125 0.18984375 0.527777778125 0.18515625 0.5333333328125
1 0.8296875 0.5388888890625 0.84453125 0.54305555625 0.96484375 0.5375 0.67109375 0.5319444437499999 0.66796875 0.5319444437499999 0.64921875 0.5375 0.8296875 0.5388888890625
1 0 0.5333333328125 0.17734375 0.5333333328125 0.1578125 0.527777778125 0.00703125 0.5263888890625 0 0.5263888890625 0 0.5333333328125
1 0.040625 0.6138888890625 0.06875 0.6125 0.071875 0.60694444375 0.071875 0.5916666671875 0.07109375 0.5916666671875 0.0578125 0.60694444375 0.040625 0.6138888890625
1 0.1265625 0.60694444375 0.12265625 0.60555555625 0.121875 0.6111111109375 0.1265625 0.6166666671875001 0.1453125 0.6166666671875001 0.14765625 0.6138888890625 0.14765625 0.6041666671875 0.14609375 0.6041666671875 0.1265625 0.6125 0.1265625 0.60694444375
1 0.875 0.6236111109375 0.96171875 0.61944444375 0.853125 0.6166666671875001 0.84921875 0.6166666671875001 0.840625 0.61944444375 0.875 0.6236111109375
1 0 0.6972222218749999 0.09375 0.6972222218749999 0.125 0.7 0.12578125 0.7041666671875 0.128125 0.7 0.1375 0.6986111109375 0.1859375 0.702777778125 0.27578125 0.7 0.2734375 0.6958333328124999 0.2578125 0.6944444437499999 0.12265625 0.6944444437499999 0.00703125 0.6888888890625 0 0.6888888890625 0 0.6972222218749999
1 0.5984375 0.7041666671875 0.77578125 0.7041666671875 0.77578125 0.7 0.75546875 0.6986111109375 0.6234375 0.6986111109375 0.61875 0.6986111109375 0.6 0.7 0.5984375 0.7041666671875
1 0.2859375 0.7 0.3875 0.7041666671875 0.440625 0.7 0.4359375 0.6958333328124999 0.4319890625 0.6958333328124999 0.28984375 0.6958333328124999 0.2859375 0.7
1 0.46953125 0.70555555625 0.52890625 0.702777778125 0.5640625 0.70694444375 0.58984375 0.7013888890625 0.5375 0.6986111109375 0.53671875 0.6972222218749999 0.4609375 0.7013888890625 0.46953125 0.70555555625
1 0.84921875 0.7041666671875 0.8453125 0.7 0.82734375 0.7 0.8234375 0.7 0.81953125 0.7041666671875 0.84921875 0.7041666671875
1 0.04765625 0.7763888890625 0.2015625 0.7791666671875 0.16484375 0.7763888890625 0.165625 0.7708333328125 0.16171875 0.76805555625 0.1421875 0.772222221875 0.1390625 0.765277778125 0.13125 0.772222221875 0.12265625 0.7666666671875 0.12109375 0.7708333328125 0.109375 0.7736111109375 0.0921875 0.772222221875 0.09140625 0.7666666671875 0.08046875 0.7708333328125 0.07578125 0.7625 0.07578125 0.7611111109375 0.0609375 0.7736111109375 0.04765625 0.7763888890625
1 0.2828125 0.7861111109375 0.290625 0.7819444437499999 0.26796875 0.777777778125 0.26640625 0.777777778125 0.25703125 0.7819444437499999 0.2828125 0.7861111109375
1 0.83671875 0.7861111109375 0.95703125 0.7861111109375 0.9515625 0.7819444437499999 0.90859375 0.7819444437499999 0.90464140625 0.7819444437499999 0.84140625 0.7819444437499999 0.83671875 0.7861111109375
1 0.14921875 0.8666666671875 0.40703125 0.872222221875 0.67421875 0.872222221875 0.67421875 0.8680555562500001 0.66640625 0.8666666671875 0.58359375 0.8666666671875 0.56328125 0.8652777781250001 0.56015625 0.8611111109375 0.55625 0.8638888890624999 0.48203125 0.859722221875 0.384375 0.8625 0.2203125 0.85694444375 0.13515625 0.8583333328125 0.134375 0.85694444375 0.13359375 0.8611111109375 0.14921875 0.8666666671875
1 0 0.8638888890624999 0.10234375 0.8611111109375 0.10234375 0.85694444375 0.0984375 0.85555555625 0.015625 0.8541666671874999 0.01171875 0.8541666671874999 0 0.8541666671874999 0 0.8638888890624999
1 0.16015625 0.9472222218749999 0.3109375 0.9486111109375001 0.553125 0.9583333328125001 0.728125 0.959722221875 0.7390625 0.95555555625 0.69921875 0.95 0.446875 0.9444444437499999 0.3734375 0.9388888890624999 0.16328125 0.9388888890624999 0.1578125 0.9388888890624999 0.12421875 0.94305555625 0.16015625 0.9472222218749999
1 0 0.9458333328125 0.08359375 0.9472222218749999 0.1046875 0.94305555625 0.1 0.940277778125 0.096 0.940277778125 0 0.940277778125 0 0.9458333328125
2 0.25234375 0.0638888890625 0.24765625 0.07638888906249999 0.19296875 0.075 0.1734375 0.08055555625000001 0.16171875 0.075 0.15208359375 0.0865736109375 0.1453125 0.1041666671875 0.15 0.12222222187500001 0.1578125 0.1263888890625 0.16875 0.125 0.1734375 0.1458333328125 0.18515625 0.14305555625 0.1890625 0.15277777812499999 0.19296875 0.1513888890625 0.2 0.15694444375 0.2015625 0.1625 0.19921875 0.165277778125 0.20234375 0.16944444375 0.2046875 0.1861111109375 0.21640625 0.17361111093749998 0.21640625 0.15972222187500001 0.21875 0.1541666671875 0.24453125 0.13888888906250002 0.24921875 0.1263888890625 0.2546875 0.1208333328125 0.271875 0.12222222187500001 0.278125 0.115277778125 0.27890625 0.1111111109375 0.2734375 0.10555555624999999 0.2734375 0.09444444375 0.27734375 0.075 0.28515625 0.06805555625000001 0.28203125 0.0638888890625 0.28359375 0.05 0.2640625 0.0458333328125 0.26328125 0.04444444375 0.2515625 0.059722221875 0.25234375 0.0638888890625
2 0.465625 0.0791666671875 0.45859375 0.09444444375 0.4515625 0.1 0.4484375 0.0958333328125 0.4375 0.09444444375 0.43359375 0.0791666671875 0.4296875 0.075 0.4109375 0.075 0.40625 0.0791666671875 0.39765625 0.10138888906250001 0.38828125 0.1125 0.378125 0.115277778125 0.38359375 0.1208333328125 0.40078125 0.11805555625 0.4078125 0.12361111093749999 0.41484375 0.11805555625 0.42578125 0.11944444375 0.44296875 0.1125 0.44453125 0.11805555625 0.4546875 0.12222222187500001 0.51328125 0.11805555625 0.51640625 0.12222222187500001 0.571875 0.11944444375 0.5828125 0.12361111093749999 0.59296875 0.1166666671875 0.60546875 0.12361111093749999 0.63203125 0.11805555625 0.63359375 0.12222222187500001 0.6390625 0.11944444375 0.64921875 0.12361111093749999 0.7046875 0.125 0.71015625 0.12222222187500001 0.715625 0.1125 0.71875 0.12222222187500001 0.721875 0.12222222187500001 0.725 0.11388888906250001 0.7203125 0.109722221875 0.721875 0.10555555624999999 0.71953125 0.102777778125 0.7296875 0.1 0.73125 0.0958333328125 0.728125 0.0958333328125 0.728125 0.090277778125 0.725 0.09444444375 0.7203125 0.0916666671875 0.71875 0.084722221875 0.72109375 0.08333333281250001 0.71796875 0.08333333281250001 0.7140625 0.075 0.709375 0.05694444375 0.70390625 0.059722221875 0.70078125 0.06944444375 0.68203125 0.0791666671875 0.659375 0.075 0.63359375 0.077777778125 0.6296875 0.072222221875 0.590625 0.077777778125 0.58359375 0.06805555625000001 0.5640625 0.06527777812499999 0.56484375 0.059722221875 0.5609375 0.052777778124999994 0.55703125 0.052777778124999994 0.54375 0.072222221875 0.51953125 0.077777778125 0.49296875 0.0736111109375 0.49140625 0.07083333281250001 0.49375 0.06805555625000001 0.4890625 0.059722221875 0.48828125 0.0458333328125 0.4828125 0.040277778125000004 0.48203125 0.040277778125000004 0.4703125 0.054166667187499996 0.465625 0.0791666671875
2 0.78515625 0.0458333328125 0.7796875 0.0513888890625 0.759375 0.052777778124999994 0.74453125 0.06805555625000001 0.740625 0.0791666671875 0.7421875 0.08333333281250001 0.7390625 0.0875 0.74140625 0.0916666671875 0.73359375 0.0986111109375 0.7375 0.1 0.73984375 0.0958333328125 0.74453125 0.1 0.74140625 0.0958333328125 0.74765625 0.09305555625 0.74921875 0.10694444375 0.74765625 0.109722221875 0.74296875 0.10555555624999999 0.7453125 0.1111111109375 0.7421875 0.11388888906250001 0.75078125 0.12361111093749999 0.759375 0.12361111093749999 0.77421875 0.109722221875 0.77890625 0.1111111109375 0.78125 0.11944444375 0.7890625 0.12222222187500001 0.809375 0.12361111093749999 0.8171875 0.11944444375 0.83046875 0.09305555625 0.83046875 0.0875 0.82109375 0.08333333281250001 0.809375 0.06805555625000001 0.8109375 0.055555556250000006 0.80859375 0.04444444375 0.8015625 0.04444444375 0.7984375 0.0486111109375 0.78515625 0.0458333328125
2 0.3265625 0.0958333328125 0.31953125 0.1 0.32578125 0.11805555625 0.33828125 0.115277778125 0.34140625 0.11944444375 0.35 0.1125 0.36171875 0.12222222187500001 0.37265625 0.10694444375 0.37265625 0.10138888906250001 0.36640625 0.0958333328125 0.3671875 0.0888888890625 0.359375 0.08055555625000001 0.34296875 0.08333333281250001 0.34140625 0.0638888890625 0.340625 0.0638888890625 0.3359375 0.0666666671875 0.3265625 0.0958333328125
1 0.1328125 0.28611111093749997 0.15234375 0.28611111093749997 0.14765625 0.2833333328125 0.15 0.27777777812500004 0.1390625 0.27638888906250003 0.13828125 0.27638888906250003 0.1328125 0.28055555625 0.1328125 0.28611111093749997
2 0.16953125 0.2388888890625 0.1640625 0.24305555625 0.153125 0.2708333328125 0.1578125 0.27638888906250003 0.165625 0.2736111109375 0.16640625 0.2791666671875 0.1578125 0.28194444375 0.175 0.2833333328125 0.1765625 0.28194444375 0.17421875 0.27777777812500004 0.17890625 0.27638888906250003 0.18515625 0.28194444375 0.19375 0.27777777812500004 0.19609375 0.2833333328125 0.20078125 0.2833333328125 0.2046875 0.275 0.20859375 0.275 0.21171875 0.28194444375 0.2203125 0.2791666671875 0.22265625 0.2833333328125 0.24765625 0.28472222187499996 0.25546875 0.27638888906250003 0.2609375 0.28472222187499996 0.27109375 0.27777777812500004 0.28359375 0.28472222187499996 0.29453125 0.26944444375 0.29453125 0.2625 0.28671875 0.2638888890625 0.284375 0.25694444375000003 0.2875 0.24444444375000002 0.29453125 0.23194444375 0.29375 0.21944444375 0.290625 0.21805555625 0.28671875 0.22638888906250001 0.27109375 0.23611111093749998 0.26328125 0.2486111109375 0.25078125 0.24305555625 0.2359375 0.2486111109375 0.23125 0.24305555625 0.2125 0.24444444375000002 0.20234375 0.240277778125 0.2 0.23194444375 0.20546875 0.215277778125 0.2015625 0.2125 0.20078125 0.2125 0.18671875 0.2416666671875 0.16953125 0.2388888890625
2 0.3296875 0.23194444375 0.334375 0.23611111093749998 0.33359375 0.24444444375000002 0.321875 0.2708333328125 0.328125 0.28194444375 0.33359375 0.2791666671875 0.33125 0.26805555625 0.33984375 0.23611111093749998 0.346875 0.23194444375 0.34453125 0.22777777812500002 0.34921875 0.215277778125 0.34453125 0.215277778125 0.3375 0.22916666718749998 0.3296875 0.23194444375
2 0.66640625 0.222222221875 0.65703125 0.2236111109375 0.65546875 0.23194444375 0.6484375 0.2388888890625 0.64921875 0.252777778125 0.63984375 0.272222221875 0.63984375 0.28611111093749997 0.67734375 0.290277778125 0.70859375 0.2833333328125 0.70703125 0.2791666671875 0.71328125 0.2625 0.70078125 0.24583333281250003 0.68828125 0.24583333281250003 0.68671875 0.23472222187499997 0.68984375 0.2138888890625 0.68671875 0.20972222187499998 0.684375 0.20972222187499998 0.6734375 0.22638888906250001 0.66640625 0.222222221875
2 0.540625 0.23194444375 0.5390625 0.24305555625 0.53046875 0.24305555625 0.52890625 0.24722222187499998 0.521875 0.2416666671875 0.5171875 0.24583333281250003 0.50546875 0.240277778125 0.49765625 0.24722222187499998 0.4859375 0.2708333328125 0.49296875 0.28611111093749997 0.5015625 0.28611111093749997 0.509375 0.28055555625 0.51171875 0.28611111093749997 0.54765625 0.28611111093749997 0.55390625 0.2791666671875 0.55859375 0.2638888890625 0.55078125 0.25833333281250004 0.54765625 0.2513888890625 0.553125 0.24305555625 0.55390625 0.23611111093749998 0.55859375 0.23194444375 0.55546875 0.2208333328125 0.559375 0.21805555625 0.55703125 0.21111111093749999 0.5546875 0.21111111093749999 0.54609375 0.23055555625 0.540625 0.23194444375
2 0.61171875 0.24583333281250003 0.59453125 0.24444444375000002 0.57578125 0.2791666671875 0.56796875 0.28194444375 0.56796875 0.28611111093749997 0.584375 0.28472222187499996 0.59609375 0.2888888890625 0.59921875 0.29444444375 0.5953125 0.3166666671875 0.59921875 0.322222221875 0.6046875 0.31805555625 0.6171875 0.27777777812500004 0.6265625 0.272222221875 0.63046875 0.275 0.63046875 0.26944444375 0.63515625 0.2708333328125 0.6328125 0.26805555625 0.63515625 0.2625 0.63046875 0.26527777812500003 0.625 0.25833333281250004 0.634375 0.2486111109375 0.62890625 0.240277778125 0.634375 0.23194444375 0.634375 0.2236111109375 0.63046875 0.2138888890625 0.6265625 0.2138888890625 0.61796875 0.22777777812500002 0.61171875 0.24583333281250003
2 0.81328125 0.2375 0.81328125 0.24305555625 0.79453125 0.27638888906250003 0.7890625 0.2666666671875 0.79140625 0.2541666671875 0.78515625 0.24722222187499998 0.7859375 0.22777777812500002 0.78203125 0.22638888906250001 0.7671875 0.24583333281250003 0.759375 0.24583333281250003 0.75234375 0.2541666671875 0.75 0.2513888890625 0.75078125 0.24722222187499998 0.7453125 0.24305555625 0.73125 0.24305555625 0.72578125 0.24722222187499998 0.72265625 0.2513888890625 0.72578125 0.259722221875 0.725 0.272222221875 0.721875 0.27777777812500004 0.72265625 0.28611111093749997 0.77109375 0.290277778125 0.79140625 0.2791666671875 0.8015625 0.2875 0.8640625 0.2888888890625 0.8703125 0.2708333328125 0.859375 0.2666666671875 0.86171875 0.2638888890625 0.86328125 0.24722222187499998 0.87109375 0.2388888890625 0.86875 0.23472222187499997 0.8703125 0.2208333328125 0.865625 0.2208333328125 0.859375 0.2375 0.840625 0.25 0.8296875 0.2486111109375 0.82421875 0.24305555625 0.8296875 0.225 0.82890625 0.2166666671875 0.8265625 0.215277778125 0.82578125 0.215277778125 0.821875 0.21805555625 0.81328125 0.2375
2 0.44375 0.23611111093749998 0.43828125 0.23611111093749998 0.43203125 0.24305555625 0.41171875 0.2416666671875 0.40390625 0.2513888890625 0.3953125 0.2708333328125 0.40546875 0.290277778125 0.39453125 0.309722221875 0.39765625 0.3138888890625 0.3984375 0.3236111109375 0.41875 0.27638888906250003 0.42734375 0.2875 0.43828125 0.28055555625 0.4515625 0.28611111093749997 0.45625 0.28055555625 0.4625 0.2625 0.45703125 0.2638888890625 0.45078125 0.275 0.44609375 0.2666666671875 0.45546875 0.23611111093749998 0.4625 0.22916666718749998 0.459375 0.215277778125 0.4578125 0.215277778125 0.45234375 0.22777777812500002 0.44375 0.23611111093749998
2 0 0.4486111109375 0.03515625 0.4458333328125 0.03125 0.440277778125 0.0328125 0.41805555625 0.04140625 0.38333333281250004 0.0484375 0.372222221875 0.04609375 0.36944444375 0.04375 0.36944444375 0.03984375 0.3736111109375 0.034375 0.39444444375 0.02890625 0.40277777812500004 0.0203125 0.40416666718750005 0.0171875 0.40972222187499996 0.0125 0.40277777812500004 0 0.40277777812500004 0 0.4486111109375
2 0.12578125 0.372222221875 0.1140625 0.3791666671875 0.09609375 0.3791666671875 0.09453125 0.40833333281249995 0.09921875 0.41944444374999995 0.08828125 0.4388888890625 0.0875 0.447222221875 0.096875 0.45 0.10234375 0.4458333328125 0.11484375 0.447222221875 0.11796875 0.44305555625000004 0.12578125 0.4486111109375 0.13359375 0.44305555625000004 0.14140625 0.4486111109375 0.14765625 0.447222221875 0.1515625 0.4388888890625 0.146875 0.434722221875 0.153125 0.42222222187499997 0.15390625 0.40833333281249995 0.14609375 0.3986111109375 0.14765625 0.372222221875 0.14296875 0.3708333328125 0.1421875 0.36944444375 0.1375 0.3736111109375 0.12578125 0.372222221875
2 0.1890625 0.425 0.1828125 0.447222221875 0.24453125 0.45 0.2515625 0.44444444375 0.2546875 0.4486111109375 0.290625 0.45 0.2984375 0.44444444375 0.3015625 0.4486111109375 0.30859375 0.4486111109375 0.31796875 0.43333333281249997 0.3171875 0.427777778125 0.3109375 0.4375 0.3046875 0.434722221875 0.30546875 0.42222222187499997 0.31015625 0.415277778125 0.31015625 0.40277777812500004 0.30625 0.40277777812500004 0.30546875 0.40833333281249995 0.29453125 0.40694444374999994 0.28828125 0.4125 0.27734375 0.40416666718750005 0.2671875 0.4166666671875 0.26171875 0.41111111093749997 0.2625 0.40416666718750005 0.259375 0.3986111109375 0.253125 0.40416666718750005 0.234375 0.40555555625000006 0.22421875 0.4125 0.2171875 0.40416666718750005 0.2125 0.40416666718750005 0.20078125 0.41944444374999995 0.1953125 0.4138888890625 0.1921875 0.40694444374999994 0.19296875 0.3986111109375 0.18984375 0.3958333328125 0.1890625 0.39444444375 0.18671875 0.40277777812500004 0.1890625 0.425
2 0.340625 0.44305555625000004 0.34921875 0.4388888890625 0.35625 0.45 0.3609375 0.4458333328125 0.37265625 0.45 0.38046875 0.44444444375 0.384375 0.4513888890625 0.45859375 0.45277777812500003 0.46015625 0.4583333328125 0.45703125 0.46388888906250003 0.4375 0.4875 0.43359375 0.5 0.43359375 0.5097222218749999 0.4375 0.5138888890625 0.44296875 0.5125 0.45078125 0.502777778125 0.46640625 0.459722221875 0.475 0.45 0.47890625 0.4361111109375 0.48203125 0.43333333281249997 0.48203125 0.40972222187499996 0.478125 0.40972222187499996 0.4703125 0.425 0.46796875 0.4125 0.46328125 0.40694444374999994 0.46875 0.3875 0.46796875 0.375 0.46171875 0.3763888890625 0.453125 0.39027777812500003 0.44765625 0.38333333281250004 0.4421875 0.38333333281250004 0.43828125 0.3875 0.43125 0.40833333281249995 0.421875 0.40972222187499996 0.41171875 0.42222222187499997 0.4078125 0.41111111093749997 0.40390625 0.40972222187499996 0.4 0.41805555625 0.3953125 0.41111111093749997 0.38515625 0.415277778125 0.38046875 0.40833333281249995 0.371875 0.40972222187499996 0.3703125 0.40277777812500004 0.37734375 0.38194444375000003 0.37578125 0.375 0.37109375 0.375 0.35546875 0.41805555625 0.340625 0.44305555625000004
2 0.5859375 0.41944444374999995 0.5765625 0.43194444374999996 0.5703125 0.4513888890625 0.62421875 0.45555555625000005 0.62890625 0.4625 0.6140625 0.5013888890625 0.61484375 0.5111111109375 0.61875 0.515277778125 0.62421875 0.5125 0.63125 0.5013888890625 0.64375 0.45555555625000005 0.64765625 0.4513888890625 0.65703125 0.45555555625000005 0.66640625 0.45277777812500003 0.67734375 0.43194444374999996 0.67734375 0.427777778125 0.67109375 0.4236111109375 0.671875 0.4138888890625 0.66953125 0.40833333281249995 0.6328125 0.41111111093749997 0.62421875 0.40694444374999994 0.60234375 0.4166666671875 0.59296875 0.3986111109375 0.58984375 0.3986111109375 0.5859375 0.40555555625000006 0.5859375 0.41944444374999995
2 0.49921875 0.447222221875 0.50390625 0.45 0.51328125 0.440277778125 0.5171875 0.4513888890625 0.52265625 0.4513888890625 0.5265625 0.4458333328125 0.53671875 0.4513888890625 0.5421875 0.44444444375 0.5453125 0.45277777812500003 0.55078125 0.45416666718750004 0.56171875 0.44305555625000004 0.56796875 0.43055555625 0.55234375 0.41111111093749997 0.5375 0.4125 0.5328125 0.4166666671875 0.52890625 0.40972222187499996 0.52734375 0.40972222187499996 0.52109375 0.4138888890625 0.49921875 0.447222221875
2 0.7453125 0.3763888890625 0.740625 0.3791666671875 0.728125 0.3736111109375 0.71796875 0.3875 0.7125 0.40694444374999994 0.7171875 0.4125 0.7125 0.41805555625 0.7140625 0.4236111109375 0.70859375 0.4236111109375 0.70703125 0.43055555625 0.7125 0.4513888890625 0.73203125 0.440277778125 0.7375 0.45277777812500003 0.74765625 0.440277778125 0.7515625 0.4513888890625 0.76953125 0.45416666718750004 0.7875 0.43333333281249997 0.7984375 0.45277777812500003 0.8015625 0.4486111109375 0.8125 0.4513888890625 0.81796875 0.447222221875 0.821875 0.45416666718750004 0.8875 0.45416666718750004 0.89609375 0.447222221875 0.89921875 0.45277777812500003 0.9078125 0.45555555625000005 0.91953125 0.440277778125 0.9109375 0.434722221875 0.9171875 0.4138888890625 0.915625 0.40694444374999994 0.89921875 0.40833333281249995 0.89609375 0.40277777812500004 0.88359375 0.40694444374999994 0.88046875 0.4138888890625 0.875 0.40972222187499996 0.83515625 0.4125 0.82578125 0.40694444374999994 0.790625 0.41111111093749997 0.7828125 0.4166666671875 0.77890625 0.40972222187499996 0.771875 0.40694444374999994 0.759375 0.40972222187499996 0.7578125 0.4 0.765625 0.3888888890625 0.765625 0.3736111109375 0.7515625 0.3708333328125 0.74453125 0.3708333328125 0.73359375 0.372222221875 0.7453125 0.3763888890625
2 0 0.5583333333333333 0 0.6138888888888888 0.07578125 0.6138888888888888 0.0828125 0.6125 0.09140625 0.6027777777777777 0.09609375 0.6125 0.1125 0.6138888888888888 0.11796875 0.611111111111111 0.12421875 0.5958333333333333 0.1203125 0.575 0.109375 0.5736111111111111 0.10390625 0.5680555555555555 0.11171875 0.5458333333333333 0.1125 0.5402777777777777 0.11015625 0.5361111111111111 0.10546875 0.5361111111111111 0.09921875 0.5444444444444444 0.08203125 0.5444444444444444 0.0828125 0.548611111111111 0.07109375 0.5583333333333333 0.065625 0.5513888888888888 0.06875 0.548611111111111 0.0625 0.55 0.05703125 0.5444444444444444 0.05234375 0.5472222222222223 0.0453125 0.5333333333333333 0.04296875 0.5333333333333333 0.0359375 0.5388888888888889 0.02890625 0.5611111111111111 0.02421875 0.5597222222222222 0.02421875 0.5652777777777778 0.0171875 0.5694444444444444 0.009375 0.5597222222222222 0 0.5583333333333333
2 0.19921875 0.5736111109375 0.184375 0.5694444437499999 0.1734375 0.575 0.16171875 0.5638888890625 0.15703125 0.575 0.15703125 0.584722221875 0.14609375 0.6111111109375 0.15390625 0.60555555625 0.1546875 0.6111111109375 0.159375 0.6152777781250001 0.18828125 0.609722221875 0.196875 0.6152777781250001 0.22109375 0.609722221875 0.22890625 0.6152777781250001 0.23671875 0.60694444375 0.2421875 0.5916666671875 0.23203125 0.58055555625 0.23203125 0.5555555562500001 0.22890625 0.5555555562500001 0.2234375 0.5638888890625 0.19921875 0.5736111109375
2 0.728125 0.5708333328124999 0.72421875 0.5791666671875 0.725 0.584722221875 0.721875 0.584722221875 0.71640625 0.5736111109375 0.6890625 0.575 0.68515625 0.56805555625 0.68671875 0.5555555562500001 0.684375 0.5541666671875001 0.67890625 0.559722221875 0.68359375 0.565277778125 0.6703125 0.577777778125 0.665625 0.5763888890625 0.66171875 0.5861111109375 0.6578125 0.58055555625 0.6578125 0.5875 0.65390625 0.5944444437499999 0.65 0.5916666671875 0.6421875 0.5958333328125 0.6328125 0.5875 0.63359375 0.5791666671875 0.63828125 0.5722222218749999 0.63515625 0.5666666671875 0.62734375 0.575 0.61875 0.5736111109375 0.60703125 0.5791666671875 0.57578125 0.5708333328124999 0.56875 0.575 0.56015625 0.5736111109375 0.55546875 0.5763888890625 0.54453125 0.5958333328125 0.53359375 0.60555555625 0.51953125 0.6013888890625 0.51875 0.5916666671875 0.5125 0.5875 0.50625 0.575 0.46875 0.575 0.46328125 0.5694444437499999 0.45 0.5694444437499999 0.440625 0.577777778125 0.4296875 0.6041666671875 0.421875 0.6152777781250001 0.59140625 0.6208333328125 0.6359375 0.6180555562500001 0.65 0.622222221875 0.6734375 0.6166666671875001 0.6765625 0.6208333328125 0.74765625 0.6166666671875001 0.7515625 0.6208333328125 0.76328125 0.6180555562500001 0.76796875 0.622222221875 0.80234375 0.6208333328125 0.81015625 0.6166666671875001 0.83515625 0.61944444375 0.8421875 0.6083333328125 0.84140625 0.5944444437499999 0.834375 0.5958333328125 0.83203125 0.5916666671875 0.8359375 0.575 0.834375 0.5694444437499999 0.81796875 0.577777778125 0.81015625 0.5736111109375 0.77109375 0.577777778125 0.76171875 0.5722222218749999 0.7546875 0.559722221875 0.75546875 0.5527777781250001 0.7546875 0.5527777781250001 0.7484375 0.5638888890625 0.728125 0.5708333328124999
2 0.34453125 0.5958333328125 0.33671875 0.60694444375 0.33515625 0.6152777781250001 0.39609375 0.6152777781250001 0.40390625 0.609722221875 0.41015625 0.5916666671875 0.40390625 0.584722221875 0.40390625 0.5791666671875 0.396875 0.5736111109375 0.38359375 0.58055555625 0.37109375 0.575 0.36484375 0.5791666671875 0.36171875 0.575 0.35625 0.577777778125 0.3546875 0.5736111109375 0.3578125 0.5708333328124999 0.35625 0.5708333328124999 0.34453125 0.5833333328125 0.34453125 0.5958333328125
2 0.278125 0.597222221875 0.275 0.5986111109375 0.2796875 0.597222221875 0.2859375 0.602777778125 0.278125 0.60694444375 0.28203125 0.6138888890625 0.2953125 0.6152777781250001 0.30234375 0.6041666671875 0.3109375 0.60555555625 0.3171875 0.5986111109375 0.31640625 0.5944444437499999 0.30390625 0.584722221875 0.296875 0.584722221875 0.29453125 0.575 0.28828125 0.575 0.27890625 0.5875 0.278125 0.597222221875
2 0.2984375 0.5986111109375 0.30625 0.60694444375 0.31171875 0.602777778125 0.30859375 0.5986111109375 0.31015625 0.5958333328125 0.3140625 0.5986111109375 0.3140625 0.5944444437499999 0.309375 0.590277778125 0.321875 0.5625 0.32421875 0.5541666671875001 0.32265625 0.5458333328125 0.3203125 0.5458333328125 0.3015625 0.58194444375 0.2984375 0.5986111109375
2 0.30859375 0.5722222218749999 0.30234375 0.5791666671875 0.30078125 0.590277778125 0.290625 0.60694444375 0.29296875 0.6111111109375 0.2828125 0.6416666671875 0.28359375 0.652777778125 0.2890625 0.6541666671875 0.2953125 0.64444444375 0.3046875 0.6111111109375 0.3109375 0.602777778125 0.30859375 0.6 0.309375 0.5861111109375 0.321875 0.5611111109375 0.32421875 0.5513888890625 0.32265625 0.547222221875 0.321875 0.5458333328125 0.3140625 0.5541666671875001 0.30859375 0.5722222218749999
2 0.36875 0.56805555625 0.36484375 0.5611111109375 0.36328125 0.55 0.3578125 0.5527777781250001 0.34921875 0.56805555625 0.3484375 0.5833333328125 0.3359375 0.6138888890625 0.3625 0.6152777781250001 0.36484375 0.609722221875 0.36875 0.609722221875 0.36796875 0.6138888890625 0.37265625 0.6166666671875001 0.38046875 0.6125 0.39609375 0.6138888890625 0.4 0.60694444375 0.39453125 0.6041666671875 0.39140625 0.6125 0.38671875 0.602777778125 0.3953125 0.6013888890625 0.4015625 0.5875 0.4015625 0.5791666671875 0.39609375 0.5736111109375 0.384375 0.5916666671875 0.38359375 0.58055555625 0.37890625 0.5722222218749999 0.38671875 0.55 0.3859375 0.5375 0.3828125 0.5375 0.375 0.55 0.36875 0.56805555625
2 0.4375 0.5916666671875 0.4265625 0.6111111109375 0.43046875 0.60694444375 0.43515625 0.6111111109375 0.4375 0.60694444375 0.44140625 0.5888888890625 0.45859375 0.5513888890625 0.45859375 0.54444444375 0.45546875 0.5416666671875 0.4546875 0.540277778125 0.446875 0.5541666671875001 0.4375 0.5916666671875
2 0.6203125 0.60555555625 0.62265625 0.6166666671875001 0.6234375 0.5944444437499999 0.63828125 0.565277778125 0.6421875 0.5458333328125 0.6375 0.5458333328125 0.62265625 0.5791666671875 0.6203125 0.60555555625
2 0.67421875 0.5861111109375 0.67421875 0.5791666671875 0.6890625 0.5555555562500001 0.69296875 0.54444444375 0.69140625 0.5361111109375 0.68515625 0.5361111109375 0.6703125 0.584722221875 0.67421875 0.5861111109375
2 0.828125 0.5791666671875 0.82890625 0.584722221875 0.8234375 0.60555555625 0.81484375 0.6138888890625 0.8265625 0.6111111109375 0.82734375 0.6013888890625 0.8375 0.575 0.8375 0.5638888890625 0.846875 0.5486111109375 0.8453125 0.54305555625 0.84453125 0.54305555625 0.840625 0.5458333328125 0.828125 0.5791666671875
2 0 0.775 0.03671875 0.777777778125 0.05234375 0.7625 0.0484375 0.7597222218749999 0.04609375 0.7513888890625 0.046875 0.727777778125 0.0421875 0.727777778125 0.03203125 0.747222221875 0.03046875 0.7180555562500001 0.025 0.7180555562500001 0.02109375 0.727777778125 0.01484375 0.7236111109375 0.01484375 0.7166666671875 0.01015625 0.7125 0.0140625 0.70555555625 0.01328125 0.7 0.00859375 0.7 0 0.7138888890625 0 0.775
2 0.09921875 0.7402777781250001 0.1 0.727777778125 0.09453125 0.7236111109375 0.08828125 0.7402777781250001 0.07890625 0.747222221875 0.075 0.7569444437499999 0.0609375 0.775 0.159375 0.777777778125 0.17734375 0.7513888890625 0.17734375 0.74444444375 0.165625 0.7361111109375 0.1625 0.7263888890625 0.15703125 0.73194444375 0.1546875 0.7416666671875001 0.15234375 0.7416666671875001 0.1515625 0.7361111109375 0.140625 0.7333333328125 0.1265625 0.7375 0.1234375 0.7263888890625 0.12890625 0.7125 0.12421875 0.7041666671875 0.121875 0.7041666671875 0.103125 0.7458333328125 0.09921875 0.7402777781250001
2 0.228125 0.73194444375 0.221875 0.7236111109375 0.22109375 0.73055555625 0.2125 0.73194444375 0.215625 0.7361111109375 0.20390625 0.7708333328125 0.209375 0.777777778125 0.21875 0.7805555562500001 0.25546875 0.7791666671875 0.26328125 0.7583333328124999 0.25859375 0.7402777781250001 0.2546875 0.7388888890625 0.24609375 0.7458333328125 0.24140625 0.7375 0.2421875 0.7291666671875 0.2484375 0.7166666671875 0.24765625 0.70694444375 0.246875 0.70694444375 0.2375 0.7125 0.228125 0.73194444375
2 0.3671875 0.715277778125 0.36328125 0.715277778125 0.35 0.734722221875 0.34296875 0.734722221875 0.3375 0.7402777781250001 0.32578125 0.734722221875 0.3171875 0.7416666671875001 0.31875 0.727777778125 0.3140625 0.7166666671875 0.30703125 0.73055555625 0.3015625 0.73194444375 0.30625 0.734722221875 0.30546875 0.7402777781250001 0.28984375 0.7819444437499999 0.3625 0.7819444437499999 0.36796875 0.772222221875 0.37421875 0.7819444437499999 0.38046875 0.7819444437499999 0.39296875 0.7569444437499999 0.39296875 0.7513888890625 0.3875 0.7569444437499999 0.38125 0.7388888890625 0.3921875 0.7111111109375 0.3890625 0.7041666671875 0.38671875 0.7041666671875 0.37265625 0.7263888890625 0.3671875 0.715277778125
2 0.49453125 0.7388888890625 0.4859375 0.7486111109375 0.47578125 0.7402777781250001 0.465625 0.7402777781250001 0.459375 0.7458333328125 0.45078125 0.7388888890625 0.43828125 0.7402777781250001 0.4171875 0.7736111109375 0.4078125 0.7791666671875 0.4125 0.7833333328125 0.42734375 0.784722221875 0.46015625 0.784722221875 0.465625 0.7791666671875 0.4703125 0.784722221875 0.48671875 0.784722221875 0.49296875 0.7805555562500001 0.5046875 0.7833333328125 0.51328125 0.76944444375 0.51328125 0.7638888890625 0.50859375 0.7666666671875 0.5046875 0.7611111109375 0.5109375 0.734722221875 0.51484375 0.7291666671875 0.51484375 0.7194444437499999 0.51875 0.7166666671875 0.51796875 0.7111111109375 0.515625 0.7111111109375 0.5046875 0.734722221875 0.49453125 0.7388888890625
2 0.70625 0.7513888890625 0.696875 0.7638888890625 0.696875 0.777777778125 0.70078125 0.7763888890625 0.70703125 0.7833333328125 0.7171875 0.7819444437499999 0.71953125 0.7861111109375 0.7515625 0.7861111109375 0.75859375 0.7819444437499999 0.765625 0.784722221875 0.77890625 0.76805555625 0.7796875 0.7569444437499999 0.77109375 0.7430555562500001 0.7375 0.7416666671875001 0.73515625 0.73194444375 0.728125 0.722222221875 0.7296875 0.715277778125 0.72578125 0.709722221875 0.721875 0.709722221875 0.71875 0.7125 0.70625 0.7513888890625
2 0.63828125 0.7194444437499999 0.63046875 0.734722221875 0.6203125 0.7402777781250001 0.6234375 0.7486111109375 0.61796875 0.7541666671875 0.6203125 0.7583333328124999 0.61640625 0.7625 0.61953125 0.7666666671875 0.61875 0.7833333328125 0.63828125 0.7875 0.6734375 0.7861111109375 0.6859375 0.76805555625 0.6890625 0.7625 0.68125 0.7611111109375 0.6828125 0.7541666671875 0.678125 0.7458333328125 0.66953125 0.7416666671875001 0.665625 0.7458333328125 0.66015625 0.7388888890625 0.6640625 0.7333333328125 0.66328125 0.7194444437499999 0.665625 0.7166666671875 0.6625 0.709722221875 0.659375 0.709722221875 0.64609375 0.727777778125 0.63828125 0.7194444437499999
2 0.58515625 0.7416666671875001 0.57265625 0.7416666671875001 0.5640625 0.7583333328124999 0.559375 0.75555555625 0.5609375 0.7430555562500001 0.55625 0.7375 0.53671875 0.775 0.54375 0.784722221875 0.553125 0.7833333328125 0.559375 0.775 0.5671875 0.784722221875 0.578125 0.7791666671875 0.58671875 0.784722221875 0.5921875 0.7833333328125 0.60546875 0.7583333328124999 0.6046875 0.7541666671875 0.6015625 0.7541666671875 0.59140625 0.7736111109375 0.5890625 0.772222221875 0.58984375 0.7666666671875 0.58671875 0.7597222218749999 0.59140625 0.7583333328124999 0.5953125 0.7388888890625 0.603125 0.73194444375 0.5984375 0.722222221875 0.59453125 0.722222221875 0.58671875 0.73194444375 0.58515625 0.7416666671875001
2 0.8046875 0.7486111109375 0.790625 0.7708333328125 0.790625 0.777777778125 0.80234375 0.7666666671875 0.80234375 0.7625 0.81875 0.7361111109375 0.8234375 0.7236111109375 0.82265625 0.715277778125 0.81875 0.715277778125 0.81015625 0.727777778125 0.8046875 0.7486111109375