1 0 0.28472222187499996 0.0296875 0.2875 0.05078125 0.28194444375 0.05234375 0.23611111093749998 0.05859375 0.2166666671875 0.06328125 0.215277778125 0.0640625 0.20138888906250002 0.03984375 0.197222221875 0.02890625 0.1888888890625 0.009375 0.1875 0.00390625 0.197222221875 0 0.197222221875 0 0.28472222187499996
1 0 0.16388888906250001 0.00859375 0.1541666671875 0.0296875 0.15 0.03203125 0.12222222187500001 0.02890625 0.0791666671875 0 0.0791666671875 0 0.16388888906250001
1 0.04921875 0.11944444375 0.13046875 0.12222222187500001 0.14296875 0.10694444375 0.14140625 0.075 0.1359375 0.07638888906249999 0.13203125 0.084722221875 0.109375 0.077777778125 0.07421875 0.084722221875 0.0671875 0.0916666671875 0.06171875 0.1125 0.04921875 0.11944444375
1 0.1703125 0.11944444375 0.16875 0.115277778125 0.159375 0.1166666671875 0.16171875 0.12222222187500001 0.1703125 0.11944444375
1 0.07578125 0.290277778125 0.08046875 0.28611111093749997 0.0765625 0.2791666671875 0.06875 0.28055555625 0.06953125 0.2875 0.07578125 0.290277778125
1 0.1859375 0.2875 0.19140625 0.2833333328125 0.1890625 0.27638888906250003 0.16328125 0.28055555625 0.16484375 0.28611111093749997 0.1859375 0.2875
1 0.58515625 0.20277777812500003 0.58125 0.1986111109375 0.52109375 0.19583333281249998 0.43671875 0.1986111109375 0.446875 0.20555555625 0.58515625 0.20277777812500003
1 0.3703125 0.2 0.3875 0.20555555625 0.403125 0.20277777812500003 0.38984375 0.197222221875 0.359375 0.1986111109375 0.36015625 0.20277777812500003 0.3703125 0.2
1 0.70390625 0.20138888906250002 0.69296875 0.197222221875 0.6921875 0.20416666718749998 0.70390625 0.20138888906250002
1 0.3515625 0.28194444375 0.346875 0.28055555625 0.3359375 0.2833333328125 0.3515625 0.28194444375
1 0 0.36944444375 0.02176328125 0.36944444375 0.03359375 0.3791666671875 0.047031250000000004 0.36944444375 0.0734375 0.36944444375 0.08125 0.3763888890625 0.1015625 0.36805555624999997 0.0984375 0.3638888890625 0 0.3638888890625 0 0.36944444375
1 0.74453125 0.36944444375 0.7625 0.375 0.7671875 0.38194444375000003 0.7828125 0.3791666671875 0.7890625 0.36805555624999997 0.796875 0.375 0.80078125 0.372222221875 0.78046875 0.3638888890625 0.703125 0.3638888890625 0.7 0.36805555624999997 0.74453125 0.36944444375
1 0.15 0.36805555624999997 0.1484375 0.3638888890625 0.13671875 0.365277778125 0.1375 0.36944444375 0.15 0.36805555624999997
1 0.35 0.36805555624999997 0.340625 0.3638888890625 0.33828125 0.36805555624999997 0.35 0.36805555624999997
1 0.40703125 0.36805555624999997 0.4015625 0.3638888890625 0.4 0.36805555624999997 0.40703125 0.36805555624999997
1 0.67734375 0.36805555624999997 0.671875 0.35972222187499997 0.665625 0.3611111109375 0.6640625 0.36805555624999997 0.67734375 0.36805555624999997
1 0.19375 0.4513888890625 0.21015625 0.45 0.209375 0.4388888890625 0.196875 0.44166666718750003 0.19296875 0.4458333328125 0.19375 0.4513888890625
1 0.3609375 0.4583333328125 0.38125 0.45 0.37578125 0.44444444375 0.34921875 0.44444444375 0.34765625 0.4513888890625 0.3609375 0.4583333328125
1 0.73671875 0.45555555625000005 0.74453125 0.45 0.73984375 0.4375 0.72421875 0.4361111109375 0.72421875 0.45277777812500003 0.73671875 0.45555555625000005
1 0.18515625 0.5361111109375 0.4546875 0.5375 0.496875 0.5333333328125 0.353125 0.527777778125 0.18359375 0.5319444437499999 0.18203125 0.534722221875 0.18515625 0.5361111109375
1 0.67578125 0.5375 0.8828125 0.540277778125 0.91171875 0.5361111109375 0.91171875 0.5319444437499999 0.8546875 0.5305555562500001 0.64921875 0.5319444437499999 0.64921875 0.5361111109375 0.67578125 0.5375
1 0 0.534722221875 0.06947109375 0.534722221875 0.07109375 0.5305555562500001 0.07740390625 0.534722221875 0.12578125 0.5361111109375 0.18046875 0.5333333328125 0.01875 0.527777778125 0 0.5291666671875 0 0.534722221875
1 0.5765625 0.5333333328125 0.53125 0.5305555562500001 0.50234375 0.5333333328125 0.5765625 0.5333333328125
1 0 0.7 0.03671875 0.6986111109375 0.04296875 0.7041666671875 0.07723203125 0.7 0.2828125 0.7041666671875 0.44921875 0.7013888890625 0.45234375 0.6972222218749999 0.10390625 0.69305555625 0 0.69305555625 0 0.7
1 0.77578125 0.7 0.77265625 0.6958333328124999 0.4609375 0.6972222218749999 0.46875 0.702777778125 0.77578125 0.7
1 0.93046875 0.702777778125 0.975 0.6986111109375 0.96796875 0.6944444437499999 0.89921875 0.6972222218749999 0.89921875 0.7013888890625 0.93046875 0.702777778125
1 0.07578125 0.8666666671875 0.18062499999999998 0.8652777781250001 0.1890625 0.872222221875 0.6046875 0.8708333328125001 0.615625 0.8666666671875 0.6125 0.8625 0.47109375 0.8583333328125 0.07109375 0.859722221875 0.06953125 0.8638888890624999 0.07578125 0.8666666671875
1 0 0.8638888890624999 0.0203125 0.8638888890624999 0.02421875 0.8611111109375 0.021875 0.8583333328125 0 0.8583333328125 0 0.8638888890624999
1 0.1625 0.9486111109375001 0.23984375 0.9513888890625 0.58984375 0.95555555625 0.70859375 0.95555555625 0.721875 0.9513888890625 0.70859375 0.9472222218749999 0.33359375 0.9388888890624999 0.16171875 0.9416666671874999 0.159375 0.9458333328125 0.1625 0.9486111109375001
1 0 0.9486111109375001 0.11640625 0.9458333328125 0.11328125 0.9416666671874999 0.06875 0.940277778125 0 0.940277778125 0 0.9486111109375001
1 0.89140625 0.7 0.88828125 0.6958333328124999 0.86015625 0.6972222218749999 0.86484375 0.702777778125 0.89140625 0.7
1 0.2359375 0.7791666671875 0.2046875 0.777777778125 0.2046875 0.7819444437499999 0.2359375 0.7791666671875
1 0.29765625 0.7833333328125 0.328125 0.7819444437499999 0.32421875 0.777777778125 0.2921875 0.777777778125 0.2921875 0.7819444437499999 0.29765625 0.7833333328125
2 0.19765625 0.125 0.20390625 0.1458333328125 0.209375 0.1458333328125 0.2328125 0.172222221875 0.2359375 0.184722221875 0.23984375 0.184722221875 0.24765625 0.1763888890625 0.25390625 0.15694444375 0.26796875 0.1458333328125 0.26953125 0.13888888906250002 0.275 0.1375 0.28359375 0.12361111093749999 0.30859375 0.11805555625 0.30703125 0.0888888890625 0.3109375 0.07638888906249999 0.31953125 0.06805555625000001 0.31875 0.052777778124999994 0.31796875 0.0486111109375 0.3109375 0.0513888890625 0.296875 0.04444444375 0.2890625 0.061111110937500004 0.27265625 0.077777778125 0.228125 0.075 0.20390625 0.08055555625000001 0.1921875 0.07638888906249999 0.18125 0.097222221875 0.18359375 0.12222222187500001 0.19765625 0.125
2 0.6484375 0.1208333328125 0.665625 0.109722221875 0.68359375 0.11944444375 0.7296875 0.11805555625 0.7375 0.12222222187500001 0.7484375 0.11388888906250001 0.75625 0.1166666671875 0.7609375 0.10694444375 0.7609375 0.097222221875 0.75078125 0.0916666671875 0.74765625 0.08333333281250001 0.74765625 0.058333332812500006 0.74453125 0.054166667187499996 0.7359375 0.059722221875 0.73203125 0.07083333281250001 0.7265625 0.072222221875 0.66171875 0.06944444375 0.64765625 0.07638888906249999 0.63828125 0.0736111109375 0.63203125 0.08055555625000001 0.62421875 0.077777778125 0.61875 0.0666666671875 0.60625 0.06944444375 0.590625 0.0513888890625 0.57578125 0.0736111109375 0.55078125 0.07638888906249999 0.53723984375 0.0736111109375 0.52109375 0.047222221875 0.5203125 0.040277778125000004 0.51328125 0.040277778125000004 0.50234375 0.059722221875 0.4984375 0.084722221875 0.49296875 0.097222221875 0.49296875 0.11805555625 0.6484375 0.1208333328125
2 0.7828125 0.0916666671875 0.78125 0.1125 0.790625 0.12222222187500001 0.80625 0.10833333281249999 0.82109375 0.11805555625 0.846875 0.11944444375 0.85625 0.109722221875 0.86484375 0.090277778125 0.86484375 0.08333333281250001 0.85859375 0.08333333281250001 0.84296875 0.059722221875 0.84140625 0.040277778125000004 0.83125 0.047222221875 0.81796875 0.04305555625 0.790625 0.0513888890625 0.778125 0.06944444375 0.7765625 0.075 0.7828125 0.0916666671875
2 0.415625 0.11805555625 0.459375 0.115277778125 0.478125 0.0986111109375 0.4625 0.0888888890625 0.4625 0.075 0.459375 0.072222221875 0.440625 0.077777778125 0.41484375 0.11388888906250001 0.415625 0.11805555625
2 0.35859375 0.1041666671875 0.3609375 0.115277778125 0.3625 0.1111111109375 0.365625 0.115277778125 0.3703125 0.10694444375 0.3875 0.1041666671875 0.39140625 0.11805555625 0.39609375 0.11805555625 0.39765625 0.0888888890625 0.3953125 0.08194444375 0.375 0.08333333281250001 0.37109375 0.075 0.36484375 0.077777778125 0.35234375 0.0986111109375 0.35859375 0.1041666671875
2 0.42421875 0.2875 0.43046875 0.302777778125 0.42890625 0.309722221875 0.4234375 0.3125 0.4234375 0.32777777812500003 0.43515625 0.322222221875 0.44453125 0.2888888890625 0.4578125 0.2833333328125 0.46171875 0.2875 0.48671875 0.28611111093749997 0.49609375 0.2791666671875 0.50703125 0.28611111093749997 0.5765625 0.2875 0.584375 0.28472222187499996 0.59453125 0.272222221875 0.603125 0.2708333328125 0.59375 0.25694444375000003 0.59375 0.21944444375 0.59609375 0.215277778125 0.5921875 0.20833333281250002 0.58515625 0.2125 0.58125 0.225 0.57109375 0.23611111093749998 0.53671875 0.2375 0.51328125 0.252777778125 0.50625 0.24444444375000002 0.50625 0.23611111093749998 0.5015625 0.23333333281250002 0.49921875 0.21805555625 0.503125 0.215277778125 0.49375 0.21111111093749999 0.48515625 0.215277778125 0.48359375 0.22638888906250001 0.47578125 0.23333333281250002 0.44609375 0.2388888890625 0.43828125 0.24583333281250003 0.43515625 0.25694444375000003 0.42265625 0.2736111109375 0.4125 0.2791666671875 0.41328125 0.28611111093749997 0.42421875 0.2875
2 0.3671875 0.23194444375 0.37109375 0.2388888890625 0.36875 0.2486111109375 0.375 0.259722221875 0.37109375 0.2708333328125 0.3765625 0.2791666671875 0.38515625 0.28055555625 0.39609375 0.2666666671875 0.4046875 0.24444444375000002 0.39453125 0.2388888890625 0.38359375 0.215277778125 0.3796875 0.215277778125 0.37578125 0.225 0.3671875 0.23194444375
2 0.80703125 0.2875 0.82265625 0.2791666671875 0.83671875 0.28611111093749997 0.89453125 0.2875 0.9046875 0.272222221875 0.89453125 0.26527777812500003 0.896875 0.24305555625 0.90546875 0.23611111093749998 0.9046875 0.2166666671875 0.9 0.2166666671875 0.8828125 0.24305555625 0.875 0.24583333281250003 0.86015625 0.240277778125 0.8640625 0.2166666671875 0.86015625 0.2125 0.85234375 0.222222221875 0.84375 0.2486111109375 0.83828125 0.25555555625 0.82109375 0.240277778125 0.81796875 0.2236111109375 0.803125 0.2416666671875 0.7875 0.24583333281250003 0.7671875 0.240277778125 0.7578125 0.24722222187499998 0.759375 0.28611111093749997 0.80703125 0.2875
2 0.6203125 0.2875 0.628125 0.2986111109375 0.62890625 0.315277778125 0.6359375 0.32083333281250004 0.6421875 0.3138888890625 0.65 0.2875 0.66171875 0.27777777812500004 0.6796875 0.2875 0.73359375 0.28611111093749997 0.74140625 0.27638888906250003 0.7453125 0.259722221875 0.74140625 0.24722222187499998 0.72734375 0.24305555625 0.7234375 0.23611111093749998 0.721875 0.21944444375 0.725 0.215277778125 0.72109375 0.20694444375 0.70625 0.222222221875 0.69609375 0.215277778125 0.68515625 0.23472222187499997 0.67890625 0.2388888890625 0.665625 0.23472222187499997 0.66875 0.2166666671875 0.66015625 0.2125 0.6484375 0.240277778125 0.628125 0.24305555625 0.6125 0.26944444375 0.60078125 0.2791666671875 0.6046875 0.2875 0.6203125 0.2875
2 0.13984375 0.28472222187499996 0.15234375 0.2708333328125 0.14921875 0.252777778125 0.1515625 0.2388888890625 0.13203125 0.22916666718749998 0.1203125 0.23055555625 0.1203125 0.20694444375 0.11640625 0.20416666718749998 0.109375 0.215277778125 0.1078125 0.23333333281250002 0.0984375 0.2486111109375 0.09140625 0.2736111109375 0.09140625 0.2833333328125 0.13984375 0.28472222187499996
2 0.19296875 0.2833333328125 0.21015625 0.2833333328125 0.2265625 0.27638888906250003 0.25859375 0.2833333328125 0.27109375 0.28055555625 0.275 0.28472222187499996 0.31953125 0.2833333328125 0.328125 0.26527777812500003 0.31953125 0.2541666671875 0.328125 0.23333333281250002 0.328125 0.2208333328125 0.32578125 0.2166666671875 0.31796875 0.23194444375 0.30546875 0.23611111093749998 0.29765625 0.24583333281250003 0.2796875 0.24305555625 0.275 0.24722222187499998 0.2640625 0.2416666671875 0.2375 0.2416666671875 0.23828125 0.2166666671875 0.23515625 0.2138888890625 0.228125 0.2208333328125 0.2234375 0.2375 0.2 0.240277778125 0.1890625 0.2611111109375 0.18828125 0.2736111109375 0.19296875 0.2833333328125
2 0 0.4486111109375 0.00234375 0.45 0.0921875 0.4458333328125 0.10078125 0.4125 0.10390625 0.41111111093749997 0.095703125 0.40694444374999994 0.08984375 0.39027777812500003 0.0921875 0.3875 0.08984375 0.3736111109375 0.0921875 0.36944444375 0.03515625 0.36944444375 0.01953125 0.3875 0.00859375 0.3875 0.00390625 0.397222221875 0 0.3958333328125 0 0.4486111109375
2 0.11640625 0.447222221875 0.13125 0.45 0.153125 0.4361111109375 0.16015625 0.447222221875 0.18046875 0.4486111109375 0.19296875 0.43194444374999996 0.18046875 0.3708333328125 0.165625 0.36805555624999997 0.14921875 0.3791666671875 0.1328125 0.3763888890625 0.1265625 0.384722221875 0.12890625 0.4138888890625 0.11640625 0.447222221875
2 0.41484375 0.3583333328125 0.425 0.34861111093749997 0.45 0.27777777812500004 0.45078125 0.2638888890625 0.41171875 0.34305555625 0.41171875 0.35694444375 0.41484375 0.3583333328125
2 0.54765625 0.44444444375 0.5515625 0.4513888890625 0.58671875 0.45277777812500003 0.60078125 0.447222221875 0.60625 0.45277777812500003 0.6515625 0.45277777812500003 0.65546875 0.45555555625000005 0.6578125 0.46666666718750005 0.6484375 0.50555555625 0.65546875 0.5138888890625 0.66328125 0.50555555625 0.6765625 0.4625 0.73671875 0.41105972187499995 0.74765625 0.45416666718750004 0.7796875 0.447222221875 0.825 0.45277777812500003 0.84921875 0.447222221875 0.8734375 0.45416666718750004 0.8953125 0.4486111109375 0.9 0.45277777812500003 0.91953125 0.4513888890625 0.93203125 0.44444444375 0.94296875 0.4513888890625 0.95234375 0.440277778125 0.95234375 0.40694444374999994 0.94609375 0.40277777812500004 0.9375 0.40972222187499996 0.93046875 0.4 0.925 0.4 0.91796875 0.40833333281249995 0.83515625 0.40694444374999994 0.8296875 0.4138888890625 0.804296875 0.40555555625000006 0.79765625 0.39444444375 0.80234375 0.372222221875 0.8 0.36805555624999997 0.7140625 0.365277778125 0.70234375 0.36805555624999997 0.70703125 0.40277777812500004 0.66015625 0.40277777812500004 0.63984375 0.40972222187499996 0.625 0.3958333328125 0.6203125 0.40277777812500004 0.6140625 0.43055555625 0.60390625 0.41944444374999995 0.59453125 0.4166666671875 0.5921875 0.40833333281249995 0.5734375 0.40972222187499996 0.56328125 0.39444444375 0.53046875 0.44166666718750003 0.53203125 0.45 0.54765625 0.44444444375
2 0.39140625 0.41944444374999995 0.396875 0.41944444374999995 0.396875 0.44166666718750003 0.40390625 0.447222221875 0.50703125 0.44444444375 0.5203125 0.43055555625 0.51796875 0.40972222187499996 0.5125 0.40694444374999994 0.51015625 0.41111111093749997 0.5015625 0.3958333328125 0.50546875 0.3875 0.50234375 0.372222221875 0.4859375 0.3861111109375 0.478125 0.38194444375000003 0.4703125 0.3916666671875 0.46796875 0.40694444374999994 0.44609375 0.4166666671875 0.4421875 0.40972222187499996 0.41875 0.40972222187499996 0.41171875 0.375 0.40390625 0.3763888890625 0.3953125 0.40277777812500004 0.3953125 0.415277778125 0.39140625 0.41944444374999995
2 0.2125 0.43333333281249997 0.2078125 0.447222221875 0.3421875 0.4486111109375 0.34921875 0.4375 0.34921875 0.43055555625 0.3390625 0.4291666671875 0.35390625 0.3791666671875 0.346875 0.375 0.340625 0.3958333328125 0.22265625 0.39444444375 0.2203125 0.3986111109375 0.22265625 0.427777778125 0.2125 0.43333333281249997
2 0.47890625 0.5111111109375 0.5046875 0.45 0.5015625 0.4486111109375 0.48203125 0.47361111093749997 0.46953125 0.49583333281249997 0.4703125 0.5125 0.47890625 0.5111111109375
2 0.17109375 0.609722221875 0.1734375 0.6138888890625 0.26484375 0.6138888890625 0.27578125 0.5958333328125 0.27578125 0.590277778125 0.26640625 0.5791666671875 0.2671875 0.559722221875 0.24765625 0.5708333328124999 0.215625 0.5708333328124999 0.2046875 0.577777778125 0.20078125 0.5625 0.1890625 0.56805555625 0.18671875 0.5875 0.17109375 0.609722221875
2 0 0.6152777781250001 0.0640625 0.6166666671875001 0.07578125 0.6125 0.15078125 0.6166666671875001 0.1671875 0.60694444375 0.18125 0.590277778125 0.1828125 0.5833333328125 0.1828125 0.559722221875 0.16796875 0.55694444375 0.16640625 0.5361111109375 0.01328125 0.5319444437499999 0 0.5333333328125 0 0.6152777781250001
2 0.321875 0.627777778125 0.32109375 0.6458333328125 0.32578125 0.65 0.34296875 0.6111111109375 0.3484375 0.60555555625 0.35859375 0.6152777781250001 0.371875 0.6180555562500001 0.50546875 0.6166666671875001 0.52265625 0.6125 0.5375 0.6166666671875001 0.54375 0.6111111109375 0.54921875 0.5986111109375 0.54921875 0.590277778125 0.540625 0.5722222218749999 0.50625 0.5722222218749999 0.5015625 0.56805555625 0.50234375 0.55694444375 0.496875 0.5541666671875001 0.4953125 0.54444444375 0.48984375 0.5388888890625 0.47734375 0.559722221875 0.46875 0.5930555562500001 0.45859375 0.609722221875 0.45390625 0.6111111109375 0.4453125 0.6013888890625 0.44765625 0.5916666671875 0.4421875 0.5791666671875 0.428125 0.5638888890625 0.42421875 0.55 0.42578125 0.540277778125 0.4171875 0.5361111109375 0.409375 0.5513888890625 0.3921875 0.5513888890625 0.38828125 0.5625 0.3828125 0.5666666671875 0.38125 0.58055555625 0.3703125 0.58194444375 0.36015625 0.5625 0.36171875 0.55 0.3578125 0.54444444375 0.353125 0.5458333328125 0.34375 0.5694444437499999 0.33515625 0.575 0.3234375 0.5722222218749999 0.30859375 0.5986111109375 0.29453125 0.6125 0.31875 0.6152777781250001 0.321875 0.627777778125
1 0.55 0.6180555562500001 0.5625 0.6152777781250001 0.56015625 0.6111111109375 0.54453125 0.6125 0.54296875 0.6152777781250001 0.55 0.6180555562500001
2 0.671875 0.6152777781250001 0.68515625 0.61944444375 0.86953125 0.6166666671875001 0.88046875 0.5986111109375 0.86953125 0.584722221875 0.87265625 0.5625 0.88203125 0.54444444375 0.87890625 0.540277778125 0.76796875 0.5486402781249999 0.71640625 0.5513888890625 0.69140625 0.5944444437499999 0.68046875 0.5944444437499999 0.6703125 0.577777778125 0.671875 0.5638888890625 0.67578125 0.5583333328125 0.66875 0.5541666671875001 0.66328125 0.5694444437499999 0.64921875 0.5736111109375 0.6421875 0.584722221875 0.63125 0.5736111109375 0.5953125 0.5736111109375 0.57109375 0.6111111109375 0.57734375 0.6152777781250001 0.671875 0.6152777781250001
2 0.10546875 0.7763888890625 0.11328125 0.7805555562500001 0.1265625 0.7763888890625 0.17109375 0.7805555562500001 0.178125 0.7888888890625 0.1734375 0.8027777781250001 0.17421875 0.8111111109375001 0.184375 0.7861111109375 0.19765625 0.7791666671875 0.21328125 0.75 0.20078125 0.727777778125 0.1953125 0.727777778125 0.1890625 0.7361111109375 0.16953125 0.734722221875 0.16484375 0.7388888890625 0.16015625 0.73194444375 0.16484375 0.7083333328125 0.1578125 0.7013888890625 0.14921875 0.7138888890625 0.146875 0.725 0.13671875 0.73055555625 0.13125 0.7236111109375 0.12578125 0.725 0.12109375 0.7388888890625 0.109375 0.747222221875 0.10234375 0.7625 0.09453125 0.76944444375 0.0953125 0.7805555562500001 0.10546875 0.7763888890625
2 0 0.7791666671875 0.03515625 0.775 0.03828125 0.7791666671875 0.07265625 0.7805555562500001 0.09140625 0.7666666671875 0.08359375 0.727777778125 0.06875 0.727777778125 0.06015625 0.7125 0.053125 0.7125 0.05 0.702777778125 0.040625 0.7013888890625 0.02421875 0.74444444375 0.00625 0.7666666671875 0 0.765277778125 0 0.7791666671875
2 0.26640625 0.775 0.2875 0.7819444437499999 0.290625 0.7791666671875 0.290625 0.76805555625 0.2984375 0.765277778125 0.2984375 0.7611111109375 0.29609375 0.7430555562500001 0.2875 0.7416666671875001 0.284375 0.7041666671875 0.278125 0.702777778125 0.26484375 0.73055555625 0.2578125 0.73055555625 0.25546875 0.722222221875 0.25390625 0.73055555625 0.24765625 0.73194444375 0.2515625 0.734722221875 0.25078125 0.7388888890625 0.240625 0.7666666671875 0.24296875 0.7805555562500001 0.26640625 0.775
2 0.559375 0.784722221875 0.5609375 0.7875 0.615625 0.7805555562500001 0.62578125 0.784722221875 0.7046875 0.7833333328125 0.71875 0.7708333328125 0.72265625 0.7597222218749999 0.70078125 0.727777778125 0.703125 0.7166666671875 0.69765625 0.70694444375 0.68984375 0.709722221875 0.6875 0.7166666671875 0.67265625 0.7180555562500001 0.65859375 0.7375 0.63828125 0.7291666671875 0.63671875 0.715277778125 0.63046875 0.7125 0.62421875 0.7263888890625 0.609375 0.7375 0.590625 0.73055555625 0.58125 0.7486111109375 0.57265625 0.747222221875 0.571875 0.7388888890625 0.56640625 0.734722221875 0.56171875 0.747222221875 0.56328125 0.7763888890625 0.559375 0.784722221875
2 0.3390625 0.7541666671875 0.32734375 0.7791666671875 0.41484375 0.7819444437499999 0.42890625 0.765277778125 0.43515625 0.747222221875 0.42109375 0.73194444375 0.421875 0.7208333328125 0.428125 0.715277778125 0.42109375 0.709722221875 0.41484375 0.715277778125 0.40078125 0.7125 0.3953125 0.7236111109375 0.37734375 0.7375 0.3578125 0.7375 0.353125 0.7166666671875 0.34921875 0.7166666671875 0.340625 0.73194444375 0.3375 0.73055555625 0.340625 0.7416666671875001 0.3390625 0.7541666671875
2 0.546875 0.7805555562500001 0.5546875 0.7638888890625 0.5515625 0.7597222218749999 0.55703125 0.7138888890625 0.55 0.709722221875 0.54375 0.7236111109375 0.5203125 0.7416666671875001 0.5140625 0.7361111109375 0.47734375 0.734722221875 0.46796875 0.7388888890625 0.46171875 0.747222221875 0.4609375 0.75555555625 0.446875 0.7638888890625 0.44140625 0.775 0.44921875 0.7819444437499999 0.546875 0.7805555562500001
2 0.74140625 0.7791666671875 0.77578125 0.7819444437499999 0.784375 0.7708333328125 0.7890625 0.7569444437499999 0.7953125 0.7541666671875 0.79609375 0.74444444375 0.775 0.7430555562500001 0.76875 0.747222221875 0.76171875 0.7416666671875001 0.75625 0.7361111109375 0.76484375 0.7138888890625 0.75859375 0.70694444375 0.7515625 0.7166666671875 0.74140625 0.7513888890625 0.73359375 0.7625 0.73046875 0.7708333328125 0.74140625 0.7791666671875
1 0.6390625 0.8680555562500001 0.6359375 0.8611111109375 0.62578125 0.8611111109375 0.62578125 0.86944444375 0.6390625 0.8680555562500001