1 0 0.51944444375 0.00859375 0.527777778125 0.01953125 0.527777778125 0.02890625 0.522222221875 0.03984375 0.527777778125 0.128125 0.527777778125 0.15 0.5208333328125 0.1578125 0.5263888890625 0.275 0.527777778125 0.30625 0.51805555625 0.3109375 0.51805555625 0.3140625 0.525 0.328125 0.5263888890625 0.38046875 0.5263888890625 0.39375 0.522222221875 0.4078125 0.525 0.41171875 0.5208333328125 0.44921875 0.5138888890625 0.4375 0.5097222218749999 0.43359375 0.5097222218749999 0.32421875 0.5125 0.31953125 0.5166666671875 0.3109375 0.5125 0 0.5125 0 0.51944444375
1 0.64140625 0.515277778125 0.65390625 0.5236111109375 0.99921875 0.5208333328125 0.99921875 0.50555555625 0.88515625 0.5041666671875 0.884375 0.5041666671875 0.87265625 0.5083333328124999 0.60234375 0.5083333328124999 0.59765625 0.5125 0.64140625 0.515277778125
1 0.559375 0.5236111109375 0.565625 0.5166666671875 0.58984375 0.5125 0.48515625 0.5097222218749999 0.4796875 0.5097222218749999 0.47265625 0.5125 0.4765625 0.5236111109375 0.55234375 0.525 0.559375 0.5236111109375
1 0 0.6138888890625 0.3234375 0.6152777781250001 0.4875 0.6111111109375 0.35390625 0.6083333328125 0.35234375 0.6083333328125 0 0.609722221875 0 0.6138888890625
1 0.696875 0.60694444375 0.68671875 0.609722221875 0.834375 0.609722221875 0.6984375 0.60694444375 0.696875 0.60694444375
1 0.83828125 0.60694444375 0.834375 0.60694444375 0.5375 0.60694444375 0.52421875 0.6111111109375 0.8375 0.6111111109375 0.83828125 0.60694444375
1 0.515625 0.60694444375 0.5109375 0.60694444375 0.5015625 0.60694444375 0.4984375 0.6111111109375 0.5171875 0.6111111109375 0.515625 0.60694444375
1 0.9140625 0.6041666671875 0.908984375 0.6041666671875 0.84765625 0.60694444375 0.99921875 0.6083333328125 0.99921875 0.6041666671875 0.9140625 0.6041666671875
1 0 0.6972222218749999 0.27109375 0.6958333328124999 0.00703125 0.6916666671875 0 0.6916666671875 0 0.6972222218749999
1 0.3921875 0.702777778125 0.4421875 0.702777778125 0.45859375 0.6986111109375 0.46328125 0.7013888890625 0.47265625 0.69305555625 0.4203125 0.6916666671875 0.41875 0.6916666671875 0.3640625 0.6944444437499999 0.375 0.7013888890625 0.38828125 0.6986111109375 0.3921875 0.702777778125
1 0.5484375 0.69305555625 0.5875 0.6916666671875 0.58359375 0.6916666671875 0.5484375 0.69305555625
1 0.7703125 0.6875 0.76630859375 0.6875 0.66171875 0.6888888890625 0.65 0.69305555625 0.8140625 0.6916666671875 0.7703125 0.6875
1 0.9859375 0.6861111109375 0.98515625 0.6861111109375 0.925 0.6888888890625 0.99921875 0.6916666671875 0.99921875 0.6861111109375 0.9859375 0.6861111109375
1 0.8525390625 0.6888888890625 0.8390625 0.6888888890625 0.84375 0.69305555625 0.85703125 0.6888888890625 0.8525390625 0.6888888890625
1 0.9078125 0.6875 0.9078125 0.6916666671875 0.91328125 0.6916666671875 0.9125 0.6875 0.9078125 0.6875
1 0.99921875 0.76805555625 0.7015625 0.76805555625 0.6984375 0.76805555625 0.6890625 0.76944444375 0.68671875 0.775 0.99921875 0.775 0.99921875 0.76805555625
1 0.3109375 0.7736111109375 0.2984375 0.772222221875 0.10390625 0.7736111109375 0.103125 0.772222221875 0.003125 0.7736111109375 0 0.777777778125 0.31171875 0.777777778125 0.3109375 0.7736111109375
1 0.4921875 0.775 0.4875 0.7708333328125 0.45859375 0.76944444375 0.4546875 0.76944444375 0.4125 0.775 0.4234375 0.7791666671875 0.4703125 0.7791666671875 0.4921875 0.775
1 0 0.859722221875 0.1484375 0.8652777781250001 0.2796875 0.8611111109375 0.00546875 0.852777778125 0.0046875 0.852777778125 0 0.8541666671874999 0 0.859722221875
1 0.15 0.9375 0.07734375 0.9375 0.0734375 0.9375 0.00234375 0.9388888890624999 0.0109375 0.94305555625 0.15390625 0.94305555625 0.15 0.9375
1 0.15078125 0.9 0.15 0.8986111109375001 0.15 0.9277777781250001 0.15390625 0.922222221875 0.15390625 0.9 0.15078125 0.9
1 0.99921875 0.8513888890624999 0.87734375 0.8513888890624999 0.8765625 0.8513888890624999 0.71171875 0.85694444375 0.7171875 0.8611111109375 0.99921875 0.85694444375 0.99921875 0.8513888890624999
1 0.99921875 0.934722221875 0.903125 0.934722221875 0.9 0.934722221875 0.75 0.9375 0.73984375 0.9416666671874999 0.99921875 0.9388888890624999 0.99921875 0.934722221875
0 0.4984375 0.877777778125 0.490625 0.8819444437499999 0.47265625 0.9069444437499999 0.45703125 0.9138888890624999 0.4453125 0.909722221875 0.43203125 0.9138888890624999 0.4265625 0.9208333328125 0.425 0.9388888890624999 0.41953125 0.9472222218749999 0.403125 0.940277778125 0.40078125 0.9416666671874999 0.4015625 0.95 0.42265625 0.9986111109375001 0.5578125 0.9986111109375001 0.55859375 0.9888888890624999 0.5546875 0.98194444375 0.55234375 0.9638888890624999 0.55546875 0.9277777781250001 0.56015625 0.922222221875 0.5625 0.9458333328125 0.571875 0.9625 0.5765625 0.9625 0.58359375 0.9541666671875 0.59296875 0.9236111109375 0.59453125 0.909722221875 0.59375 0.8958333328125001 0.5890625 0.8833333328125 0.5625 0.86944444375 0.5625 0.840277778125 0.5578125 0.8333333328125001 0.55625 0.8333333328125001 0.53515625 0.85694444375 0.5171875 0.8513888890624999 0.51328125 0.8541666671874999 0.4984375 0.877777778125
0 0.36484375 0.9666666671874999 0.36171875 0.9611111109375001 0.3609375 0.9611111109375001 0.35703125 0.9694444437499999 0.353125 0.9986111109375001 0.36796875 0.9986111109375001 0.36484375 0.9666666671874999
3 0.93125 0.35972222187499997 0.93125 0.372222221875 0.93671875 0.377777778125 0.93515625 0.40694444374999994 0.94453125 0.41944444374999995 0.940625 0.42222222187499997 0.9453125 0.434722221875 0.9390625 0.4388888890625 0.93984375 0.447222221875 0.95078125 0.4486111109375 0.95078125 0.44305555625000004 0.95625 0.43333333281249997 0.99921875 0.427777778125 0.99921875 0.33055555625 0.9951171875 0.33055555625 0.96640625 0.33055555625 0.9546875 0.334722221875 0.94453125 0.3416666671875 0.93125 0.35972222187499997
2 0.28203125 0.6569444437499999 0.28515625 0.6625 0.29453125 0.6569444437499999 0.29609375 0.6638888890625 0.28828125 0.684722221875 0.2828125 0.6916666671875 0.2734375 0.684722221875 0.27265625 0.6791666671875001 0.27734375 0.66805555625 0.27109375 0.665277778125 0.2671875 0.672222221875 0.2671875 0.684722221875 0.27421875 0.6972222218749999 0.2828125 0.6986111109375 0.2953125 0.6861111109375 0.30625 0.6611111109375 0.303125 0.6555555562500001 0.3046875 0.64444444375 0.3140625 0.6263888890625 0.3140625 0.622222221875 0.30859375 0.622222221875 0.30546875 0.627777778125 0.2984375 0.6291666671875 0.29296875 0.622222221875 0.28984375 0.622222221875 0.2828125 0.63055555625 0.27890625 0.6458333328125 0.2828125 0.65 0.28203125 0.6569444437499999