1 0 0.51805555625 0.015625 0.5236111109375 0.07578125 0.522222221875 0.0796875 0.527777778125 0.08515625 0.5236111109375 0.09609375 0.527777778125 0.09921875 0.5236111109375 0.13046875 0.51944444375 0.15546875 0.51944444375 0.1765625 0.525 0.19375 0.5208333328125 0.20390625 0.5263888890625 0.4515625 0.525 0.4609375 0.51805555625 0.50390625 0.51805555625 0.5234375 0.5138888890625 0.5453125 0.515277778125 0.559375 0.525 0.5609375 0.51944444375 0.57890625 0.515277778125 0.59375 0.515277778125 0.6015625 0.522222221875 0.61015625 0.5236111109375 0.99921875 0.5208333328125 0.99921875 0.5041666671875 0.93203125 0.5013888890625 0.9265625 0.5013888890625 0.88828125 0.5069444437499999 0.5953125 0.5069444437499999 0.36171875 0.5125 0.21953125 0.5125 0.15 0.5069444437499999 0.1234375 0.5111111109375 0.01640625 0.5125 0 0.5083333328124999 0 0.51805555625
1 0 0.6152777781250001 0.33359375 0.6166666671875001 0.415625 0.6125 0.99921875 0.6111111109375 0.99921875 0.602777778125 0.925 0.602777778125 0.92265625 0.602777778125 0.26328125 0.609722221875 0.009375 0.60694444375 0 0.6083333328125 0 0.6152777781250001
1 0 0.6986111109375 0.23515625 0.6958333328124999 0.23203125 0.6916666671875 0.00546875 0.690277778125 0 0.690277778125 0 0.6986111109375
1 0.80390625 0.6958333328124999 0.85 0.6944444437499999 0.8671875 0.6888888890625 0.75234375 0.6875 0.7515625 0.6861111109375 0.73828125 0.690277778125 0.61015625 0.6888888890625 0.5484375 0.69305555625 0.80390625 0.6958333328124999
1 0.996875 0.6861111109375 0.93203125 0.6861111109375 0.93125 0.6861111109375 0.9234375 0.6916666671875 0.99921875 0.69305555625 0.99921875 0.6875 0.996875 0.6861111109375
1 0.99921875 0.775 0.99921875 0.76805555625 0.6859375 0.76805555625 0.68515625 0.7666666671875 0.671875 0.76944444375 0.67109375 0.7736111109375 0.8453125 0.777777778125 0.99921875 0.775
1 0 0.7791666671875 0.30234375 0.7805555562500001 0.2984375 0.775 0.1609375 0.772222221875 0.15671875 0.772222221875 0 0.7736111109375 0 0.7791666671875
1 0.4796875 0.7791666671875 0.48828125 0.775 0.465625 0.772222221875 0.46149531250000003 0.772222221875 0.39765625 0.7736111109375 0.38984375 0.775 0.3890625 0.7791666671875 0.4796875 0.7791666671875
1 0 0.859722221875 0.01015625 0.8625 0.16796875 0.8652777781250001 0.27578125 0.8611111109375 0.24453125 0.85694444375 0.01640625 0.85555555625 0.003125 0.852777778125 0.0015625 0.8486111109375001 0 0.8486111109375001 0.00234375 0.852777778125 0 0.8541666671874999 0 0.859722221875
1 0.99921875 0.85694444375 0.99921875 0.8513888890624999 0.9875 0.85 0.88515625 0.8513888890624999 0.884375 0.85 0.6921875 0.852777778125 0.678125 0.85694444375 0.68515625 0.8611111109375 0.99921875 0.85694444375
1 0.14375 0.9388888890624999 0.11328125 0.9375 0.109346875 0.9375 0.00234375 0.9388888890624999 0.0078125 0.94305555625 0.15078125 0.94305555625 0.14375 0.9388888890624999
1 0.7484375 0.9444444437499999 0.99921875 0.9388888890624999 0.99921875 0.9333333328125001 0.93671875 0.9333333328125001 0.93203125 0.9333333328125001 0.86875 0.9375 0.709375 0.9375 0.70625 0.9416666671874999 0.7484375 0.9444444437499999
0 0.4640625 0.8986111109375001 0.4515625 0.922222221875 0.4328125 0.9305555562500001 0.415625 0.9277777781250001 0.40546875 0.93194444375 0.40234375 0.9375 0.40234375 0.9486111109375001 0.3984375 0.95555555625 0.39296875 0.9611111109375001 0.384375 0.959722221875 0.3984375 0.9986111109375001 0.52578125 0.9986111109375001 0.52578125 0.9833333328125 0.52890625 0.9708333328125001 0.53984375 0.99444444375 0.54375 0.9930555562500001 0.553125 0.98194444375 0.5609375 0.9583333328125001 0.5609375 0.91805555625 0.54453125 0.897222221875 0.5328125 0.89444444375 0.53046875 0.8888888890625 0.5296875 0.8652777781250001 0.52578125 0.85694444375 0.52421875 0.85694444375 0.50546875 0.8736111109375001 0.48359375 0.8736111109375001 0.478125 0.8861111109375001 0.4640625 0.8986111109375001
0 0.3453125 0.9611111109375001 0.3453125 0.959722221875 0.34140625 0.9680555562500001 0.3375 0.9986111109375001 0.3484375 0.9986111109375001 0.3453125 0.9611111109375001
3 0.93359375 0.372222221875 0.9359375 0.38194444375000003 0.9328125 0.3916666671875 0.93515625 0.41805555625 0.93046875 0.43333333281249997 0.940625 0.45555555625000005 0.94609375 0.459722221875 0.95078125 0.459722221875 0.95625 0.4513888890625 0.95546875 0.44305555625000004 0.9578125 0.4388888890625 0.99453125 0.427777778125 0.996875 0.4236111109375 0.9953125 0.41944444374999995 0.99921875 0.4138888890625 0.99921875 0.365277778125 0.996875 0.3638888890625 0.9953125 0.3458333328125 0.99921875 0.34305555625 0.99921875 0.33055555625 0.9765625 0.33055555625 0.971484375 0.33055555625 0.946875 0.33888888906250003 0.93515625 0.352777778125 0.9359375 0.365277778125 0.93359375 0.372222221875
2 0.30234375 0.6555555562500001 0.3140625 0.6263888890625 0.3140625 0.622222221875 0.31015625 0.622222221875 0.303125 0.6291666671875 0.29765625 0.6291666671875 0.29375 0.622222221875 0.290625 0.622222221875 0.27890625 0.6416666671875 0.2859375 0.6625 0.29453125 0.6555555562500001 0.30234375 0.6555555562500001