1 0 0.51805555625 0.01640625 0.525 0.0453125 0.5236111109375 0.0484375 0.527777778125 0.05625 0.5236111109375 0.0640625 0.527777778125 0.071875 0.5236111109375 0.07890625 0.527777778125 0.09609375 0.527777778125 0.103125 0.51944444375 0.1265625 0.51805555625 0.15546875 0.51805555625 0.1703125 0.522222221875 0.1734375 0.527777778125 0.178125 0.5236111109375 0.1859375 0.5236111109375 0.1890625 0.527777778125 0.196875 0.5236111109375 0.2046875 0.527777778125 0.26796875 0.527777778125 0.27890625 0.5208333328125 0.28203125 0.525 0.29609375 0.522222221875 0.30625 0.527777778125 0.51171875 0.525 0.51640625 0.5208333328125 0.92265625 0.522222221875 0.99921875 0.5208333328125 0.99921875 0.50555555625 0.9952570312500001 0.50555555625 0.33359375 0.5138888890625 0.00703125 0.5125 0 0.5138888890625 0 0.51805555625
1 0 0.6986111109375 0.13203125 0.6972222218749999 0.15234375 0.7013888890625 0.2140625 0.6972222218749999 0.1734375 0.6916666671875 0.0046875 0.690277778125 0 0.690277778125 0 0.6986111109375
1 0 0.6152777781250001 0.9953125 0.6125 0.99921875 0.6111111109375 0.99921875 0.602777778125 0.99515625 0.602777778125 0.57109375 0.6041666671875 0.3125 0.609722221875 0 0.60694444375 0 0.6152777781250001
1 0.54140625 0.6972222218749999 0.82421875 0.6916666671875 0.8140625 0.6875 0.7546875 0.6875 0.7515625 0.6875 0.74453125 0.6916666671875 0.5234375 0.69305555625 0.528125 0.6972222218749999 0.54140625 0.6972222218749999
1 0.99921875 0.6875 0.9953125 0.6875 0.925 0.6888888890625 0.92890625 0.69305555625 0.99921875 0.69305555625 0.99921875 0.6875
1 0.35078125 0.6916666671875 0.3453125 0.6916666671875 0.3453125 0.6972222218749999 0.396875 0.6972222218749999 0.4 0.69305555625 0.35078125 0.6916666671875
1 0.475 0.690277778125 0.46875 0.690277778125 0.4546875 0.69305555625 0.46953125 0.6972222218749999 0.49140625 0.69305555625 0.475 0.690277778125
1 0.66953125 0.7708333328125 0.6703125 0.775 0.68125 0.777777778125 0.99921875 0.775 0.99921875 0.76805555625 0.68203125 0.7666666671875 0.66640625 0.7708333328125 0.65078125 0.765277778125 0.65 0.765277778125 0.63515625 0.7666666671875 0.6328125 0.775 0.659375 0.777777778125 0.66953125 0.7708333328125
1 0.21328125 0.7833333328125 0.27890625 0.7833333328125 0.2875 0.7791666671875 0.2796875 0.775 0.22734375 0.7763888890625 0.2046875 0.7708333328125 0.15078125 0.7708333328125 0.15 0.76944444375 0.084375 0.775 0.09453125 0.7791666671875 0.14765625 0.777777778125 0.21328125 0.7833333328125
1 0.3453125 0.7819444437499999 0.3890625 0.7819444437499999 0.41953125 0.7763888890625 0.48671875 0.7791666671875 0.49921875 0.775 0.48203125 0.76944444375 0.45234375 0.7708333328125 0.45078125 0.76805555625 0.40234375 0.775 0.3375 0.7736111109375 0.33125 0.777777778125 0.3453125 0.7819444437499999
1 0 0.7791666671875 0.0734375 0.7791666671875 0.06484375 0.772222221875 0.0015625 0.7708333328125 0 0.7708333328125 0 0.7791666671875
1 0 0.859722221875 0.05625 0.8652777781250001 0.2796875 0.8652777781250001 0.28515625 0.8611111109375 0.25390625 0.85555555625 0.11484375 0.8583333328125 0.00625 0.8541666671874999 0.00546875 0.852777778125 0 0.8541666671874999 0 0.859722221875
1 0.66171875 0.859722221875 0.86796875 0.8625 0.99921875 0.8583333328125 0.99921875 0.8513888890624999 0.99453125 0.85 0.8390625 0.85 0.8375 0.85 0.69140625 0.852777778125 0.6671875 0.8541666671874999 0.6625 0.85555555625 0.66171875 0.859722221875
1 0.15 0.9486111109375001 0.20234375 0.94305555625 0.13046875 0.9375 0.12646484375 0.9375 0.00234375 0.940277778125 0.0125 0.9444444437499999 0.12734375 0.9444444437499999 0.15 0.9486111109375001
1 0.89921875 0.9444444437499999 0.98125 0.9416666671874999 0.99921875 0.9388888890624999 0.99921875 0.9333333328125001 0.9952085937499999 0.9333333328125001 0.69296875 0.9375 0.6890625 0.9388888890624999 0.6890625 0.94305555625 0.89921875 0.9444444437499999
0 0.459375 0.9111111109375001 0.44765625 0.9236111109375 0.43671875 0.9444444437499999 0.4234375 0.952777778125 0.40078125 0.952777778125 0.38828125 0.9583333328125001 0.38203125 0.984722221875 0.37109375 0.9861111109375 0.37265625 0.997222221875 0.51171875 0.9986111109375001 0.51171875 0.9930555562500001 0.515625 0.9916666671875 0.51875 0.9986111109375001 0.5375 0.9986111109375001 0.54453125 0.98194444375 0.54453125 0.9333333328125001 0.54140625 0.922222221875 0.5328125 0.9111111109375001 0.5171875 0.909722221875 0.51484375 0.9055555562500001 0.5140625 0.88055555625 0.51171875 0.875 0.509375 0.8708333328125001 0.490625 0.8875 0.47578125 0.8888888890625 0.4640625 0.8986111109375001 0.459375 0.9111111109375001
0 0.3328125 0.9888888890624999 0.3296875 0.9986111109375001 0.334375 0.9986111109375001 0.33359375 0.9888888890624999 0.3328125 0.9888888890624999
2 0.2875 0.625 0.27890625 0.640277778125 0.284375 0.6625 0.2953125 0.659722221875 0.2953125 0.66805555625 0.28828125 0.690277778125 0.290625 0.6916666671875 0.29609375 0.684722221875 0.3046875 0.64444444375 0.3140625 0.6263888890625 0.31171875 0.622222221875 0.30859375 0.622222221875 0.30234375 0.63055555625 0.29765625 0.63055555625 0.29140625 0.6236111109375 0.2875 0.625
3 0.93125 0.3638888890625 0.93359375 0.377777778125 0.9328125 0.39305555625 0.93828125 0.41944444374999995 0.93359375 0.42222222187499997 0.93125 0.43055555625 0.93984375 0.45277777812500003 0.9484375 0.4583333328125 0.95546875 0.45 0.9546875 0.44444444375 0.9578125 0.4388888890625 0.9734375 0.43194444374999996 0.990625 0.43055555625 0.99921875 0.42083333281249996 0.99921875 0.3291666671875 0.9951171875 0.3291666671875 0.95703125 0.3333333328125 0.94140625 0.34444444375 0.934375 0.35555555625 0.93125 0.3638888890625