1 0 0.5263888890625 0.37734375 0.527777778125 0.590625 0.522222221875 0.63125 0.525 0.64453125 0.5166666671875 0.65625 0.515277778125 0.67734375 0.5166666671875 0.68359375 0.5236111109375 0.99921875 0.5208333328125 0.99921875 0.50555555625 0.871875 0.50555555625 0.866796875 0.50555555625 0.51640625 0.5125 0.003125 0.5138888890625 0 0.515277778125 0 0.5263888890625
1 0 0.6152777781250001 0.40625 0.6166666671875001 0.50859375 0.6125 0.54140625 0.6152777781250001 0.99921875 0.6111111109375 0.99921875 0.602777778125 0.60234375 0.6041666671875 0.40390625 0.609722221875 0.16015625 0.6083333328125 0.15390625 0.6041666671875 0.15390625 0.602777778125 0.14921875 0.6083333328125 0.11640625 0.609722221875 0 0.6083333328125 0 0.6152777781250001
1 0.15 0.69305555625 0.08515625 0.69305555625 0.0875 0.6972222218749999 0.13984375 0.6986111109375 0.2515625 0.6958333328124999 0.23359375 0.6916666671875 0.15859375 0.6916666671875 0.15546875 0.6888888890625 0.1578125 0.684722221875 0.15546875 0.672222221875 0.1578125 0.66944444375 0.1546875 0.6638888890625 0.15390625 0.6638888890625 0.153125 0.6888888890625 0.15 0.69305555625
1 0.07265625 0.6972222218749999 0.078125 0.69305555625 0.074175 0.69305555625 0.00625 0.6958333328124999 0.07265625 0.6972222218749999
1 0.86171875 0.6916666671875 0.85 0.6875 0.71640625 0.6875 0.54609375 0.69305555625 0.57734375 0.69305555625 0.58828125 0.6972222218749999 0.7234375 0.69305555625 0.7984375 0.6958333328124999 0.85703125 0.6916666671875 0.9171875 0.6958333328124999 0.99921875 0.6944444437499999 0.99921875 0.6875 0.98671875 0.6875 0.9859375 0.6861111109375 0.875 0.6875 0.86171875 0.6916666671875
1 0 0.7791666671875 0.1265625 0.7833333328125 0.44453125 0.7833333328125 0.50546875 0.7791666671875 0.5109375 0.775 0.46875 0.772222221875 0.43671875 0.7763888890625 0.321875 0.7763888890625 0.16015625 0.772222221875 0.1556640625 0.772222221875 0 0.7736111109375 0 0.7791666671875
1 0.92265625 0.7763888890625 0.99921875 0.775 0.99921875 0.76805555625 0.9515625 0.76805555625 0.95078125 0.7666666671875 0.9078125 0.7708333328125 0.92265625 0.7763888890625
1 0.60078125 0.7791666671875 0.66796875 0.7791666671875 0.6765625 0.775 0.6734375 0.7708333328125 0.61953125 0.7708333328125 0.61875 0.7708333328125 0.59296875 0.775 0.60078125 0.7791666671875
1 0.7359375 0.777777778125 0.76171875 0.7763888890625 0.765625 0.7708333328125 0.734375 0.76805555625 0.728125 0.76805555625 0.72421875 0.7736111109375 0.7359375 0.777777778125
1 0 0.859722221875 0.0640625 0.8652777781250001 0.35078125 0.8652777781250001 0.42421875 0.8611111109375 0.40078125 0.85555555625 0.1609375 0.8583333328125 0.0140625 0.8541666671874999 0.01015625 0.8541666671874999 0.00234375 0.8541666671874999 0 0.859722221875
1 0.915625 0.85694444375 0.99921875 0.8583333328125 0.99921875 0.8486111109375001 0.98828125 0.847222221875 0.9859375 0.847222221875 0.92734375 0.8513888890624999 0.915625 0.85694444375
1 0.00234375 0.9388888890624999 0.009375 0.9444444437499999 0.13984375 0.9444444437499999 0.14921875 0.95 0.16484375 0.9444444437499999 0.24609375 0.9472222218749999 0.353125 0.94305555625 0.28359375 0.9375 0.16484375 0.940277778125 0.1578125 0.93194444375 0.15390625 0.93194444375 0.14609375 0.9375 0.00234375 0.9388888890624999
1 0.9609375 0.9388888890624999 0.98203125 0.9458333328125 0.9859375 0.9416666671874999 0.99921875 0.9416666671874999 0.99921875 0.93194444375 0.9828125 0.9305555562500001 0.98046875 0.9305555562500001 0.965625 0.93194444375 0.9609375 0.9388888890624999
1 0.15390625 0.99444444375 0.1578125 0.9986111109375001 0.1578125 0.9875 0.15234375 0.98194444375 0.1546875 0.977777778125 0.1515625 0.9736111109375001 0.1546875 0.9625 0.15078125 0.9583333328125001 0.15234375 0.95 0.1578125 0.9444444437499999 0.1578125 0.9333333328125001 0.15390625 0.9277777781250001 0.1546875 0.9138888890624999 0.1578125 0.9111111109375001 0.15390625 0.9069444437499999 0.153125 0.8916666671875 0.15078125 0.8888888890625 0.15 0.8875 0.15 0.9986111109375001 0.15390625 0.99444444375
1 0.153125 0.625 0.15234375 0.6986111109375 0.15859375 0.6958333328124999 0.1578125 0.6319444437499999 0.1546875 0.602777778125 0.15390625 0.6013888890625 0.15 0.6125 0.153125 0.625
1 0.153125 0.7402777781250001 0.153125 0.75 0.15 0.7583333328124999 0.153125 0.772222221875 0.15 0.7791666671875 0.153125 0.7819444437499999 0.1578125 0.7791666671875 0.1578125 0.7208333328125 0.15390625 0.715277778125 0.15390625 0.7125 0.15 0.715277778125 0.153125 0.7402777781250001
1 0.15546875 0.540277778125 0.1515625 0.5361111109375 0.15 0.5361111109375 0.15390625 0.5583333328125 0.15546875 0.540277778125
2 0.30859375 0.622222221875 0.303125 0.6291666671875 0.2984375 0.6291666671875 0.2953125 0.622222221875 0.28671875 0.6236111109375 0.27890625 0.6388888890625 0.27890625 0.6458333328125 0.28203125 0.652777778125 0.28125 0.6611111109375 0.28984375 0.665277778125 0.29140625 0.6736111109375 0.2875 0.6805555562500001 0.28046875 0.6833333328125 0.2765625 0.6777777781250001 0.2796875 0.665277778125 0.26953125 0.6666666671875 0.2671875 0.6708333328125 0.2671875 0.6861111109375 0.2703125 0.6958333328124999 0.28671875 0.6972222218749999 0.29375 0.6888888890625 0.30234375 0.6958333328124999 0.30859375 0.6875 0.31640625 0.6958333328124999 0.325 0.6916666671875 0.3328125 0.6958333328124999 0.340625 0.69305555625 0.35 0.6736111109375 0.34453125 0.66805555625 0.34453125 0.6541666671875 0.34140625 0.6486111109375 0.32890625 0.652777778125 0.32265625 0.6458333328125 0.33203125 0.622222221875 0.32734375 0.6166666671875001 0.32421875 0.6166666671875001 0.31796875 0.6236111109375 0.30859375 0.622222221875
2 0.38359375 0.6611111109375 0.3765625 0.66805555625 0.37421875 0.6777777781250001 0.3671875 0.6875 0.36875 0.69305555625 0.37578125 0.6916666671875 0.3828125 0.6972222218749999 0.3921875 0.69305555625 0.41484375 0.6958333328124999 0.43515625 0.6888888890625 0.44375 0.6958333328124999 0.4484375 0.69305555625 0.45625 0.6763888890625 0.4578125 0.66805555625 0.44765625 0.652777778125 0.41171875 0.6555555562500001 0.4109375 0.652777778125 0.41640625 0.6458333328125 0.41171875 0.6458333328125 0.409375 0.640277778125 0.415625 0.6375 0.409375 0.6347222218749999 0.40390625 0.622222221875 0.3984375 0.622222221875 0.38984375 0.6347222218749999 0.38359375 0.6611111109375
2 0.4921875 0.6541666671875 0.478125 0.6777777781250001 0.478125 0.6861111109375 0.4953125 0.6583333328125 0.496875 0.6458333328125 0.50546875 0.6319444437499999 0.50546875 0.6166666671875001 0.5015625 0.6166666671875001 0.49375 0.6291666671875 0.4921875 0.6541666671875
3 0.94375 0.3416666671875 0.93125 0.35972222187499997 0.93046875 0.372222221875 0.93359375 0.38055555625 0.934375 0.40694444374999994 0.9390625 0.41944444374999995 0.93984375 0.43194444374999996 0.94375 0.434722221875 0.9390625 0.4361111109375 0.93828125 0.4458333328125 0.94296875 0.45416666718750004 0.9515625 0.45416666718750004 0.95390625 0.45 0.9515625 0.44305555625000004 0.95390625 0.4388888890625 0.96484375 0.4361111109375 0.96953125 0.43055555625 0.99921875 0.43055555625 0.99921875 0.33055555625 0.9949773437499999 0.33055555625 0.95703125 0.3333333328125 0.94375 0.3416666671875
0 0.7671875 0.9013888890624999 0.7578125 0.89444444375 0.75 0.9069444437499999 0.740625 0.9138888890624999 0.728125 0.9125 0.7234375 0.9208333328125 0.70859375 0.9305555562500001 0.67265625 0.93194444375 0.66171875 0.9263888890624999 0.6484375 0.9333333328125001 0.6359375 0.9458333328125 0.61640625 0.9444444437499999 0.5875 0.8791666671874999 0.58515625 0.89444444375 0.5921875 0.9166666671874999 0.634375 0.9986111109375001 0.79140625 0.9986111109375001 0.7953125 0.9638888890624999 0.80078125 0.9375 0.80859375 0.915277778125 0.81484375 0.8763888890624999 0.81171875 0.8611111109375 0.80859375 0.8611111109375 0.78671875 0.8958333328125001 0.7671875 0.9013888890624999
0 0.565625 0.98055555625 0.55625 0.9930555562500001 0.5453125 0.9986111109375001 0.58203125 0.9986111109375001 0.58125 0.972222221875 0.5796875 0.9694444437499999 0.57578125 0.98194444375 0.565625 0.98055555625
0 0.35390625 0.9986111109375001 0.3796875 0.9986111109375001 0.3640625 0.997222221875 0.35703125 0.984722221875 0.35546875 0.984722221875 0.353125 0.9861111109375 0.35390625 0.9986111109375001