2 0.25546875 0.025 0.24921875 0.029166667187500002 0.22890625 0.022222221875 0.22265625 0.015277778124999999 0.2140625 0.015277778124999999 0.20859375 0.009722221875000001 0.1921875 0.0083333328125 0.1828125 0.025 0.18359375 0.0333333328125 0.17734375 0.054166667187499996 0.17734375 0.06944444375 0.1859375 0.072222221875 0.19296875 0.06527777812499999 0.19609375 0.06944444375 0.2125 0.0736111109375 0.221875 0.07083333281250001 0.228125 0.075 0.25703125 0.07083333281250001 0.26796875 0.029166667187500002 0.26796875 0.0166666671875 0.27109375 0.013888889062500001 0.27109375 0.00555555625 0.2640625 0.026388889062499997 0.25546875 0.025
2 0.31328125 0.0361111109375 0.30703125 0.06944444375 0.34140625 0.072222221875 0.34453125 0.06805555625000001 0.36484375 0.06805555625000001 0.36953125 0.055555556250000006 0.36875 0.0333333328125 0.371875 0.026388889062499997 0.36875 0.022222221875 0.35859375 0.0236111109375 0.35 0.015277778124999999 0.3328125 0.015277778124999999 0.33125 0.00555555625 0.3296875 0.002777778125 0.32421875 0.0083333328125 0.31328125 0.0361111109375
2 0.45 0 0.44296875 0.0111111109375 0.4390625 0.0111111109375 0.4421875 0.0166666671875 0.43671875 0.025 0.42265625 0.025 0.4109375 0.03194444375 0.40546875 0.040277778125000004 0.40546875 0.0513888890625 0.40078125 0.059722221875 0.3921875 0.059722221875 0.384375 0.06805555625000001 0.4078125 0.06805555625000001 0.415625 0.0736111109375 0.453125 0.0666666671875 0.51796875 0.07083333281250001 0.525 0.06527777812499999 0.53984375 0.06944444375 0.54921875 0.059722221875 0.55 0.0513888890625 0.54375 0.0361111109375 0.54921875 0.0208333328125 0.5484375 0.0041666671875 0.54453125 0.002777778125 0.53671875 0.015277778124999999 0.52109375 0.0236111109375 0.509375 0.013888889062500001 0.48671875 0.0166666671875 0.4796875 0.026388889062499997 0.4703125 0.026388889062499997 0.4703125 0.0166666671875 0.46328125 0 0.45885390625 0 0.45 0
2 0.315625 0.0375 0.31328125 0.052777778124999994 0.32265625 0.061111110937500004 0.32578125 0.07083333281250001 0.328125 0.06527777812499999 0.32578125 0.0486111109375 0.3296875 0.04444444375 0.33828125 0.0486111109375 0.3359375 0.061111110937500004 0.34140625 0.06944444375 0.34609375 0.04444444375 0.3515625 0.0486111109375 0.35 0.059722221875 0.35234375 0.06805555625000001 0.359375 0.06944444375 0.37421875 0.059722221875 0.371875 0.0486111109375 0.3765625 0.04444444375 0.37265625 0.040277778125000004 0.36796875 0.0416666671875 0.36875 0.034722221875 0.36171875 0.04305555625 0.35234375 0.04305555625 0.3453125 0.034722221875 0.33671875 0.0361111109375 0.32890625 0.030555556249999997 0.32578125 0.022222221875 0.325 0.022222221875 0.32265625 0.0333333328125 0.315625 0.0375
2 0.5984375 0 0.59140625 0.015277778124999999 0.5875 0.0166666671875 0.58984375 0.027777778125000003 0.571875 0.0625 0.571875 0.06805555625000001 0.57734375 0.0625 0.58671875 0.0666666671875 0.59453125 0.061111110937500004 0.60390625 0.06805555625000001 0.6125 0.058333332812500006 0.62265625 0.0361111109375 0.62265625 0.029166667187500002 0.61171875 0.026388889062499997 0.60625 0.0083333328125 0.60625 0 0.60234375 0 0.5984375 0
2 0.71171875 0 0.70390625 0.013888889062500001 0.70078125 0.029166667187500002 0.69765625 0.0208333328125 0.67734375 0.027777778125000003 0.66796875 0.025 0.66015625 0.03194444375 0.646875 0.059722221875 0.63359375 0.0666666671875 0.64140625 0.06944444375 0.65390625 0.0625 0.6609375 0.075 0.6421875 0.1041666671875 0.64140625 0.1125 0.6375 0.11805555625 0.64453125 0.1263888890625 0.63828125 0.1361111109375 0.63828125 0.125 0.634375 0.1263888890625 0.63359375 0.1375 0.64296875 0.1375 0.64609375 0.13333333281249998 0.66171875 0.090277778125 0.6640625 0.07638888906249999 0.6734375 0.058333332812500006 0.67734375 0.058333332812500006 0.6765625 0.0638888890625 0.684375 0.07083333281250001 0.6953125 0.0638888890625 0.703125 0.06944444375 0.7078125 0.06805555625000001 0.7171875 0.0486111109375 0.7109375 0.0486111109375 0.7046875 0.061111110937500004 0.70234375 0.05694444375 0.70234375 0.0458333328125 0.71171875 0.0166666671875 0.7171875 0.0125 0.71484375 0 0.71171875 0
2 0.80625 0 0.80234375 0.0111111109375 0.79765625 0.013888889062500001 0.79453125 0.027777778125000003 0.76328125 0.0236111109375 0.7546875 0.027777778125000003 0.75 0.0333333328125 0.74296875 0.055555556250000006 0.73359375 0.0638888890625 0.74453125 0.061111110937500004 0.75078125 0.06944444375 0.803125 0.06805555625000001 0.8109375 0.052777778124999994 0.81015625 0.04444444375 0.8 0.04444444375 0.80546875 0.0236111109375 0.8109375 0.013888889062500001 0.81015625 0.0041666671875 0.80703125 0 0.80625 0
2 0.8765625 0 0.86640625 0.03194444375 0.8609375 0.034722221875 0.85703125 0.029166667187500002 0.8484375 0.030555556249999997 0.834375 0.059722221875 0.825 0.06805555625000001 0.84140625 0.06527777812499999 0.853125 0.07083333281250001 0.853125 0.0888888890625 0.8578125 0.090277778125 0.8578125 0.0958333328125 0.853125 0.102777778125 0.8578125 0.1041666671875 0.86484375 0.0861111109375 0.86640625 0.059722221875 0.87734375 0.052777778124999994 0.87734375 0.0486111109375 0.87265625 0.047222221875 0.871875 0.04305555625 0.8734375 0.0333333328125 0.88125 0.01805555625 0.87890625 0.0111111109375 0.8828125 0 0.8765625 0
2 0.93125 0 0.92734375 0.009722221875000001 0.91484375 0.006944443749999999 0.9109375 0.013888889062500001 0.8984375 0.055555556250000006 0.8984375 0.0638888890625 0.90234375 0.06805555625000001 0.93125 0.07083333281250001 0.93515625 0.0666666671875 0.94921875 0.06805555625000001 0.95703125 0.059722221875 0.9609375 0.0486111109375 0.95625 0.04444444375 0.9546875 0.03194444375 0.94140625 0.03194444375 0.93515625 0.025 0.93671875 0 0.93125 0
2 0.98359375 0.040277778125000004 0.978125 0.059722221875 0.978125 0.06944444375 0.99921875 0.06944444375 0.99921875 0.027777778125000003 0.98671875 0.027777778125000003 0.98515625 0.027777778125000003 0.98203125 0.03194444375 0.98359375 0.040277778125000004
2 0.26484375 0.190277778125 0.271875 0.18055555625 0.26328125 0.17361111093749998 0.259375 0.175 0.25625 0.1625 0.24921875 0.1611111109375 0.23984375 0.17916666718750002 0.228125 0.1763888890625 0.21953125 0.1833333328125 0.2203125 0.190277778125 0.2015625 0.190277778125 0.190625 0.2 0.1875 0.197222221875 0.1890625 0.1875 0.2046875 0.184722221875 0.19296875 0.18055555625 0.19140625 0.1763888890625 0.196875 0.16944444375 0.19609375 0.165277778125 0.1890625 0.165277778125 0.18046875 0.1916666671875 0.175 0.2 0.175 0.215277778125 0.17890625 0.2236111109375 0.171875 0.23611111093749998 0.16640625 0.2611111109375 0.16953125 0.26944444375 0.18671875 0.2638888890625 0.18828125 0.2513888890625 0.18125 0.24722222187499998 0.18671875 0.240277778125 0.2875 0.2375 0.29453125 0.2236111109375 0.2984375 0.2236111109375 0.29609375 0.21805555625 0.28671875 0.215277778125 0.290625 0.1888888890625 0.2953125 0.1833333328125 0.30234375 0.1625 0.3 0.1583333328125 0.29765625 0.1583333328125 0.27890625 0.1916666671875 0.26484375 0.190277778125
2 0.31015625 0.23333333281250002 0.31171875 0.22777777812500002 0.31015625 0.225 0.30703125 0.23194444375 0.31015625 0.23333333281250002
2 0.38046875 0.1583333328125 0.37265625 0.165277778125 0.3609375 0.1666666671875 0.353125 0.1625 0.34765625 0.1666666671875 0.340625 0.1916666671875 0.34140625 0.2 0.35 0.20416666718749998 0.34140625 0.22777777812500002 0.34296875 0.23472222187499997 0.35 0.2375 0.36953125 0.2166666671875 0.37265625 0.2166666671875 0.375 0.23055555625 0.3796875 0.23472222187499997 0.40234375 0.23611111093749998 0.40625 0.23194444375 0.41171875 0.2208333328125 0.4125 0.20972222187499998 0.40703125 0.1916666671875 0.3984375 0.1888888890625 0.4015625 0.184722221875 0.40078125 0.1763888890625 0.40390625 0.16805555625 0.40390625 0.1611111109375 0.40078125 0.15694444375 0.4 0.15555555625 0.39296875 0.15972222187500001 0.38046875 0.1583333328125
2 0.5609375 0.1833333328125 0.55703125 0.190277778125 0.54921875 0.19305555624999998 0.534375 0.1888888890625 0.52421875 0.19305555624999998 0.51328125 0.18194444375000002 0.50625 0.1888888890625 0.48984375 0.190277778125 0.47890625 0.197222221875 0.47421875 0.1916666671875 0.465625 0.190277778125 0.4546875 0.1986111109375 0.4484375 0.19444444375 0.44609375 0.18194444375000002 0.44296875 0.18055555625 0.4390625 0.1888888890625 0.43828125 0.20833333281250002 0.43046875 0.222222221875 0.4265625 0.23611111093749998 0.43515625 0.23055555625 0.43828125 0.21805555625 0.44296875 0.23611111093749998 0.45390625 0.23194444375 0.465625 0.23611111093749998 0.4734375 0.22916666718749998 0.48203125 0.23611111093749998 0.51328125 0.23611111093749998 0.51953125 0.23055555625 0.540625 0.23611111093749998 0.5484375 0.23194444375 0.56484375 0.23333333281250002 0.57421875 0.215277778125 0.56328125 0.20416666718749998 0.5765625 0.16805555625 0.57265625 0.15972222187500001 0.571875 0.1583333328125 0.5640625 0.1666666671875 0.5609375 0.1833333328125
2 0.3890625 0.2166666671875 0.40625 0.2166666671875 0.40859375 0.225 0.4140625 0.2125 0.41015625 0.20416666718749998 0.41171875 0.197222221875 0.4078125 0.197222221875 0.40546875 0.1916666671875 0.40078125 0.1916666671875 0.39296875 0.20138888906250002 0.3890625 0.2166666671875
2 0.384375 0.1666666671875 0.3828125 0.1611111109375 0.36328125 0.16805555625 0.35703125 0.16388888906250001 0.35 0.165277778125 0.34453125 0.172222221875 0.34296875 0.18194444375000002 0.3453125 0.2 0.3546875 0.20416666718749998 0.3484375 0.2166666671875 0.36328125 0.2166666671875 0.36875 0.20138888906250002 0.37890625 0.20277777812500003 0.3796875 0.20833333281250002 0.37578125 0.2166666671875 0.38203125 0.215277778125 0.38125 0.19444444375 0.3671875 0.1986111109375 0.36640625 0.19583333281249998 0.3703125 0.19305555624999998 0.36484375 0.1916666671875 0.3640625 0.197222221875 0.36015625 0.2 0.36015625 0.1888888890625 0.37265625 0.1888888890625 0.37578125 0.184722221875 0.3765625 0.1708333328125 0.384375 0.16944444375 0.3859375 0.17361111093749998 0.38203125 0.184722221875 0.3875 0.1875 0.38828125 0.19305555624999998 0.3890625 0.1875 0.3984375 0.184722221875 0.3984375 0.17361111093749998 0.40390625 0.16944444375 0.40390625 0.1611111109375 0.40078125 0.15694444375 0.39921875 0.15694444375 0.3875 0.1666666671875 0.384375 0.1666666671875
2 0.7046875 0.1666666671875 0.69765625 0.16805555625 0.6859375 0.1916666671875 0.671875 0.197222221875 0.6625 0.19305555624999998 0.6421875 0.197222221875 0.6359375 0.1916666671875 0.63046875 0.19305555624999998 0.6265625 0.1833333328125 0.62734375 0.175 0.62265625 0.165277778125 0.6140625 0.19583333281249998 0.5953125 0.22777777812500002 0.603125 0.225 0.6125 0.23333333281250002 0.628125 0.23333333281250002 0.63515625 0.22777777812500002 0.64140625 0.23333333281250002 0.68359375 0.23611111093749998 0.70859375 0.23055555625 0.71015625 0.23611111093749998 0.7171875 0.240277778125 0.7125 0.24305555625 0.70859375 0.2541666671875 0.696875 0.26805555625 0.69609375 0.2736111109375 0.7 0.27638888906250003 0.7 0.28055555625 0.69296875 0.2791666671875 0.6890625 0.28472222187499996 0.6921875 0.29444444375 0.69921875 0.29444444375 0.7125 0.26805555625 0.703125 0.2666666671875 0.71640625 0.25555555625 0.7171875 0.25 0.7390625 0.215277778125 0.7359375 0.20555555625 0.7375 0.19305555624999998 0.7234375 0.19583333281249998 0.71796875 0.1888888890625 0.725 0.16944444375 0.7234375 0.1583333328125 0.7203125 0.1583333328125 0.70859375 0.172222221875 0.7046875 0.1666666671875
2 0.78046875 0.19444444375 0.76484375 0.21944444375 0.75390625 0.23055555625 0.7703125 0.225 0.77421875 0.23611111093749998 0.77890625 0.23611111093749998 0.78515625 0.22916666718749998 0.78984375 0.23472222187499997 0.7953125 0.23333333281250002 0.7984375 0.22638888906250001 0.80234375 0.23611111093749998 0.8109375 0.23472222187499997 0.81796875 0.21944444375 0.81171875 0.2138888890625 0.8109375 0.1986111109375 0.80625 0.19305555624999998 0.790625 0.19583333281249998 0.78828125 0.1916666671875 0.78828125 0.18055555625 0.78671875 0.177777778125 0.7828125 0.18055555625 0.78046875 0.19444444375
2 0.84140625 0.21944444375 0.834375 0.21944444375 0.83359375 0.22916666718749998 0.8421875 0.2208333328125 0.8453125 0.23472222187499997 0.884375 0.23333333281250002 0.88984375 0.2388888890625 0.8890625 0.24583333281250003 0.87578125 0.2666666671875 0.87109375 0.28194444375 0.87109375 0.2916666671875 0.875 0.29722222187499997 0.88046875 0.29444444375 0.88828125 0.2791666671875 0.90078125 0.23333333281250002 0.90390625 0.22916666718749998 0.9109375 0.23611111093749998 0.91796875 0.23611111093749998 0.9234375 0.23194444375 0.93203125 0.215277778125 0.925 0.190277778125 0.915625 0.19444444375 0.90859375 0.1888888890625 0.8984375 0.190277778125 0.89140625 0.19583333281249998 0.88046875 0.1888888890625 0.86875 0.1916666671875 0.85703125 0.20416666718749998 0.853125 0.20416666718749998 0.84609375 0.19305555624999998 0.84609375 0.18194444375000002 0.8453125 0.18194444375000002 0.84296875 0.215277778125 0.84140625 0.21944444375
2 0.946875 0.22916666718749998 0.94921875 0.2236111109375 0.94765625 0.222222221875 0.946875 0.2208333328125 0.94453125 0.22777777812500002 0.946875 0.22916666718749998
2 0.9703125 0.1888888890625 0.9828125 0.20833333281250002 0.97578125 0.21805555625 0.97109375 0.21805555625 0.96796875 0.2138888890625 0.9703125 0.20833333281250002 0.9625 0.20416666718749998 0.959375 0.21944444375 0.96640625 0.23194444375 0.97109375 0.23333333281250002 0.98203125 0.225 0.9875 0.225 0.9890625 0.23194444375 0.99921875 0.22777777812500002 0.99921875 0.1611111109375 0.9828125 0.15972222187500001 0.98203125 0.1583333328125 0.97265625 0.16944444375 0.9703125 0.1888888890625
2 0.18359375 0.3625 0.1703125 0.384722221875 0.1734375 0.40138888906250003 0.178125 0.40277777812500004 0.18515625 0.39444444375 0.1890625 0.40277777812500004 0.2 0.4 0.209375 0.40416666718750005 0.21640625 0.3986111109375 0.2203125 0.40416666718750005 0.23828125 0.40416666718750005 0.24375 0.3986111109375 0.25 0.40416666718750005 0.2828125 0.40416666718750005 0.28828125 0.3958333328125 0.29140625 0.38194444375000003 0.2828125 0.3875 0.28125 0.375 0.29609375 0.3416666671875 0.29921875 0.3263888890625 0.2953125 0.32083333281250004 0.290625 0.3236111109375 0.27890625 0.3611111109375 0.27109375 0.35972222187499997 0.26328125 0.36944444375 0.259375 0.36944444375 0.25859375 0.3541666671875 0.25546875 0.35 0.24765625 0.35555555625 0.23203125 0.35555555625 0.22109375 0.3638888890625 0.21328125 0.35694444375 0.2015625 0.3638888890625 0.1984375 0.35694444375 0.19296875 0.3583333328125 0.19140625 0.34861111093749997 0.196875 0.34305555625 0.196875 0.3375 0.2015625 0.33055555625 0.203125 0.3236111109375 0.20078125 0.32083333281250004 0.2 0.32083333281250004 0.1921875 0.3291666671875 0.18359375 0.3625
2 0.33984375 0.3361111109375 0.334375 0.35 0.3296875 0.352777778125 0.33203125 0.3611111109375 0.32890625 0.372222221875 0.3125 0.4 0.31484375 0.40277777812500004 0.32265625 0.397222221875 0.325 0.40138888906250003 0.3375 0.40277777812500004 0.3453125 0.3916666671875 0.3515625 0.40277777812500004 0.36015625 0.3986111109375 0.371875 0.40277777812500004 0.38046875 0.3916666671875 0.38515625 0.3763888890625 0.38046875 0.375 0.37578125 0.3625 0.37265625 0.3611111109375 0.36171875 0.36944444375 0.36015625 0.3638888890625 0.35546875 0.3611111109375 0.36640625 0.33194444375 0.36484375 0.3236111109375 0.36171875 0.3236111109375 0.353125 0.3361111109375 0.33984375 0.3361111109375
2 0.46015625 0.35972222187499997 0.45078125 0.36805555624999997 0.44765625 0.3611111109375 0.43828125 0.35972222187499997 0.42890625 0.36805555624999997 0.42734375 0.3736111109375 0.42265625 0.36805555624999997 0.42265625 0.35555555625 0.4171875 0.352777778125 0.41328125 0.3708333328125 0.40234375 0.3958333328125 0.41171875 0.39305555625 0.4203125 0.40138888906250003 0.42734375 0.39444444375 0.43046875 0.3986111109375 0.4375 0.3986111109375 0.446875 0.3916666671875 0.45546875 0.40138888906250003 0.4609375 0.3958333328125 0.46875 0.397222221875 0.475 0.39027777812500003 0.48203125 0.40138888906250003 0.4859375 0.40138888906250003 0.4984375 0.38194444375000003 0.49765625 0.3736111109375 0.49375 0.3791666671875 0.4890625 0.3736111109375 0.4859375 0.3541666671875 0.4875 0.34444444375 0.4859375 0.3416666671875 0.47890625 0.35555555625 0.46015625 0.35972222187499997
2 0.56171875 0.3611111109375 0.55625 0.365277778125 0.54921875 0.3583333328125 0.5421875 0.3611111109375 0.52578125 0.3916666671875 0.51328125 0.4 0.54453125 0.40416666718750005 0.5453125 0.40972222187499996 0.53984375 0.4236111109375 0.53984375 0.4361111109375 0.546875 0.4388888890625 0.55234375 0.43194444374999996 0.56015625 0.40972222187499996 0.56171875 0.3958333328125 0.56953125 0.3875 0.5703125 0.38333333281250004 0.5671875 0.3791666671875 0.56796875 0.36944444375 0.58046875 0.3416666671875 0.5796875 0.33194444375 0.578125 0.33194444375 0.57265625 0.3361111109375 0.56171875 0.3611111109375
2 0.62265625 0.3611111109375 0.61640625 0.35694444375 0.6203125 0.35 0.6171875 0.34444444375 0.61953125 0.3375 0.61484375 0.3375 0.6109375 0.34861111093749997 0.60625 0.352777778125 0.60625 0.3625 0.6015625 0.38055555625 0.59140625 0.4 0.61640625 0.40138888906250003 0.6234375 0.397222221875 0.628125 0.40138888906250003 0.65078125 0.40138888906250003 0.65859375 0.3916666671875 0.66328125 0.375 0.65703125 0.35972222187499997 0.64921875 0.3583333328125 0.6421875 0.36666666718749996 0.63828125 0.3611111109375 0.63828125 0.3513888890625 0.64375 0.334722221875 0.64375 0.3236111109375 0.63828125 0.3236111109375 0.63359375 0.3291666671875 0.62265625 0.3611111109375
2 0.69296875 0.3763888890625 0.67890625 0.4 0.7140625 0.40138888906250003 0.7203125 0.397222221875 0.72421875 0.40138888906250003 0.7359375 0.397222221875 0.740625 0.40138888906250003 0.746875 0.39444444375 0.7515625 0.39444444375 0.7546875 0.40138888906250003 0.775 0.4 0.765625 0.3958333328125 0.771875 0.3763888890625 0.76328125 0.3736111109375 0.7640625 0.3638888890625 0.76171875 0.3583333328125 0.721875 0.3583333328125 0.71796875 0.352777778125 0.721875 0.34861111093749997 0.72265625 0.3416666671875 0.71640625 0.34305555625 0.71640625 0.3291666671875 0.71328125 0.325 0.7125 0.325 0.703125 0.3375 0.69296875 0.3763888890625
2 0.87109375 0.3583333328125 0.86171875 0.3708333328125 0.85703125 0.35972222187499997 0.84296875 0.35694444375 0.83671875 0.3638888890625 0.8328125 0.35555555625 0.82578125 0.35972222187499997 0.81875 0.35694444375 0.8140625 0.35972222187499997 0.79765625 0.3888888890625 0.78203125 0.397222221875 0.7859375 0.40138888906250003 0.81328125 0.40138888906250003 0.8171875 0.397222221875 0.82578125 0.40138888906250003 0.8296875 0.397222221875 0.8375 0.4 0.84453125 0.3958333328125 0.84921875 0.40138888906250003 0.86796875 0.40138888906250003 0.87421875 0.3958333328125 0.8875 0.4 0.89375 0.3888888890625 0.89453125 0.38194444375000003 0.8890625 0.38055555625 0.88359375 0.372222221875 0.88984375 0.35694444375 0.890625 0.34444444375 0.8984375 0.33194444375 0.89765625 0.32777777812500003 0.89453125 0.32777777812500003 0.8828125 0.3541666671875 0.87109375 0.3583333328125
2 0.9296875 0.3583333328125 0.9078125 0.3916666671875 0.9078125 0.4 0.9234375 0.4 0.92734375 0.3958333328125 0.9375 0.40138888906250003 0.98671875 0.397222221875 0.99921875 0.4 0.99921875 0.36666666718749996 0.99453125 0.36666666718749996 0.99140625 0.3611111109375 0.99375 0.35694444375 0.98984375 0.34861111093749997 0.98515625 0.352777778125 0.98359375 0.3638888890625 0.978125 0.36944444375 0.9703125 0.35555555625 0.94765625 0.3625 0.9390625 0.35694444375 0.93671875 0.352777778125 0.9375 0.3458333328125 0.94453125 0.3416666671875 0.9515625 0.3236111109375 0.94765625 0.3166666671875 0.94609375 0.3166666671875 0.93828125 0.32777777812500003 0.9296875 0.3583333328125
2 0.18125 0.5125 0.184375 0.5208333328125 0.165625 0.559722221875 0.165625 0.56805555625 0.1734375 0.5541666671875001 0.1734375 0.5666666671875 0.178125 0.56805555625 0.20234375 0.56805555625 0.2109375 0.55694444375 0.21171875 0.5333333328125 0.20859375 0.527777778125 0.2015625 0.5263888890625 0.19453125 0.534722221875 0.1859375 0.5583333328125 0.18046875 0.559722221875 0.18203125 0.54444444375 0.1890625 0.51944444375 0.20078125 0.5097222218749999 0.19609375 0.502777778125 0.2 0.49583333281249997 0.19921875 0.490277778125 0.1953125 0.490277778125 0.18828125 0.5069444437499999 0.18125 0.5125
2 0.24609375 0.5305555562500001 0.22890625 0.5541666671875001 0.22421875 0.5666666671875 0.23046875 0.5666666671875 0.23046875 0.559722221875 0.2359375 0.5541666671875001 0.2375 0.5666666671875 0.23984375 0.56805555625 0.2453125 0.5638888890625 0.24453125 0.559722221875 0.2484375 0.5527777781250001 0.25234375 0.5527777781250001 0.253125 0.5583333328125 0.24921875 0.5638888890625 0.253125 0.56805555625 0.2875 0.5694444437499999 0.30546875 0.5527777781250001 0.30078125 0.5486111109375 0.29765625 0.5333333328125 0.29921875 0.5166666671875 0.29453125 0.51805555625 0.29140625 0.5291666671875 0.2828125 0.5416666671875 0.27890625 0.5375 0.28203125 0.515277778125 0.28046875 0.5083333328124999 0.27578125 0.5138888890625 0.275 0.5236111109375 0.26953125 0.5291666671875 0.2578125 0.5263888890625 0.26640625 0.50555555625 0.26640625 0.49583333281249997 0.2640625 0.4916666671875 0.26328125 0.490277778125 0.25546875 0.497222221875 0.24609375 0.5305555562500001
2 0.36484375 0.5236111109375 0.353125 0.54305555625 0.34921875 0.5361111109375 0.3484375 0.5138888890625 0.3421875 0.5305555562500001 0.33359375 0.5361111109375 0.3265625 0.5513888890625 0.3125 0.56805555625 0.31796875 0.56805555625 0.32578125 0.55694444375 0.328125 0.5666666671875 0.33515625 0.56805555625 0.39375 0.56805555625 0.39921875 0.5736111109375 0.39375 0.5958333328125 0.39609375 0.6013888890625 0.40703125 0.56805555625 0.41796875 0.5666666671875 0.42578125 0.5486111109375 0.4328125 0.540277778125 0.4265625 0.5263888890625 0.4203125 0.5208333328125 0.41953125 0.515277778125 0.415625 0.5166666671875 0.4078125 0.540277778125 0.4046875 0.5361111109375 0.4046875 0.5236111109375 0.39140625 0.5236111109375 0.384375 0.5319444437499999 0.378125 0.5305555562500001 0.37265625 0.51944444375 0.38046875 0.5083333328124999 0.38359375 0.497222221875 0.38125 0.490277778125 0.3796875 0.490277778125 0.37265625 0.4986111109375 0.36484375 0.5236111109375
2 0.48203125 0.50555555625 0.478125 0.502777778125 0.47734375 0.5097222218749999 0.4703125 0.5166666671875 0.471875 0.525 0.459375 0.559722221875 0.465625 0.5666666671875 0.47734375 0.56805555625 0.4859375 0.5527777781250001 0.4890625 0.5555555562500001 0.4890625 0.5638888890625 0.49296875 0.5666666671875 0.5 0.5638888890625 0.5109375 0.56805555625 0.5171875 0.559722221875 0.525 0.54305555625 0.525 0.534722221875 0.51328125 0.525 0.50546875 0.5319444437499999 0.50078125 0.5291666671875 0.4984375 0.5208333328125 0.50703125 0.4986111109375 0.50625 0.4888888890625 0.50234375 0.4875 0.5015625 0.4875 0.4859375 0.5166666671875 0.48203125 0.50555555625
2 0.62265625 0.497222221875 0.60703125 0.51944444375 0.59921875 0.51944444375 0.5953125 0.525 0.58203125 0.51944444375 0.5734375 0.5291666671875 0.571875 0.5361111109375 0.5703125 0.525 0.5765625 0.51805555625 0.57578125 0.5013888890625 0.571875 0.5013888890625 0.565625 0.5125 0.559375 0.5166666671875 0.56328125 0.525 0.55234375 0.559722221875 0.56015625 0.5666666671875 0.56796875 0.5583333328125 0.575 0.5666666671875 0.58359375 0.559722221875 0.5953125 0.5666666671875 0.60703125 0.5666666671875 0.61953125 0.565277778125 0.6265625 0.5541666671875001 0.63125 0.5638888890625 0.63828125 0.5666666671875 0.64375 0.559722221875 0.65078125 0.540277778125 0.65078125 0.5361111109375 0.6453125 0.5333333328125 0.6390625 0.5208333328125 0.65 0.497222221875 0.64765625 0.4875 0.64453125 0.4875 0.63046875 0.5111111109375 0.62265625 0.497222221875
2 0.7640625 0.51805555625 0.75078125 0.5236111109375 0.74375 0.5333333328125 0.7359375 0.5236111109375 0.72421875 0.5236111109375 0.71484375 0.5305555562500001 0.71015625 0.5236111109375 0.696875 0.522222221875 0.6890625 0.5305555562500001 0.6765625 0.5541666671875001 0.665625 0.5638888890625 0.6828125 0.559722221875 0.68828125 0.5666666671875 0.71640625 0.5666666671875 0.7234375 0.5611111109375 0.728125 0.5666666671875 0.7359375 0.5625 0.746875 0.5666666671875 0.75078125 0.5611111109375 0.76328125 0.565277778125 0.771875 0.5513888890625 0.76953125 0.547222221875 0.7625 0.5541666671875001 0.7609375 0.547222221875 0.7640625 0.5319444437499999 0.77734375 0.497222221875 0.77578125 0.49444444374999996 0.7734375 0.49444444374999996 0.76875 0.5013888890625 0.7640625 0.51805555625
2 0.84453125 0.515277778125 0.84375 0.525 0.83125 0.5236111109375 0.821875 0.5361111109375 0.81875 0.51944444375 0.8140625 0.5166666671875 0.8109375 0.5305555562500001 0.790625 0.559722221875 0.78984375 0.5666666671875 0.79453125 0.559722221875 0.7984375 0.559722221875 0.803125 0.5666666671875 0.81015625 0.5666666671875 0.81796875 0.559722221875 0.82578125 0.5666666671875 0.83671875 0.559722221875 0.8453125 0.5666666671875 0.85 0.565277778125 0.859375 0.54444444375 0.853125 0.5486111109375 0.846875 0.54444444375 0.853125 0.51944444375 0.859375 0.5125 0.85703125 0.5 0.853125 0.5 0.85234375 0.50555555625 0.84453125 0.515277778125
2 0.9046875 0.522222221875 0.896875 0.5166666671875 0.89609375 0.502777778125 0.890625 0.51944444375 0.884375 0.5208333328125 0.8875 0.5291666671875 0.8796875 0.5527777781250001 0.88203125 0.5666666671875 0.89765625 0.565277778125 0.90390625 0.5583333328125 0.90859375 0.565277778125 0.9296875 0.565277778125 0.93984375 0.55 0.93359375 0.5263888890625 0.9234375 0.5305555562500001 0.91640625 0.5236111109375 0.92421875 0.4986111109375 0.92109375 0.4916666671875 0.91796875 0.4916666671875 0.9109375 0.5013888890625 0.9046875 0.522222221875
2 0.96953125 0.5305555562500001 0.9625 0.54444444375 0.9625 0.5513888890625 0.96796875 0.5611111109375 0.9859375 0.565277778125 0.990625 0.559722221875 0.99921875 0.565277778125 0.99921875 0.5305555562500001 0.99140625 0.525 0.99296875 0.5097222218749999 0.98984375 0.5069444437499999 0.98359375 0.51805555625 0.98203125 0.5305555562500001 0.978125 0.5166666671875 0.9828125 0.5125 0.9859375 0.4916666671875 0.98125 0.4916666671875 0.9703125 0.51944444375 0.96953125 0.5305555562500001
2 0.34296875 0.659722221875 0.334375 0.66805555625 0.32890625 0.66805555625 0.32578125 0.6611111109375 0.3140625 0.6666666671875 0.31015625 0.672222221875 0.31484375 0.6805555562500001 0.31328125 0.69305555625 0.3171875 0.7 0.325 0.7041666671875 0.32265625 0.715277778125 0.3140625 0.727777778125 0.30703125 0.7263888890625 0.30390625 0.7208333328125 0.303125 0.7041666671875 0.2984375 0.702777778125 0.29453125 0.709722221875 0.29453125 0.7208333328125 0.30390625 0.734722221875 0.31953125 0.7333333328125 0.32578125 0.7236111109375 0.33125 0.7333333328125 0.34140625 0.7236111109375 0.3453125 0.7333333328125 0.35078125 0.73194444375 0.353125 0.727777778125 0.3515625 0.7125 0.35390625 0.70694444375 0.35078125 0.6875 0.3609375 0.66805555625 0.3609375 0.659722221875 0.3578125 0.6555555562500001 0.35546875 0.6555555562500001 0.35 0.6611111109375 0.34296875 0.659722221875
1 0.62421875 0.1541666671875 0.62421875 0.15 0.62021484375 0.15 0.5921875 0.1513888890625 0.62421875 0.1541666671875
1 0.04140625 0.24305555625 0.06953125 0.240277778125 0.0484375 0.23472222187499997 0.04765625 0.23472222187499997 0.034375 0.2388888890625 0.04140625 0.24305555625
1 0.37421875 0.322222221875 0.37265625 0.31805555625 0.35703125 0.3166666671875 0.3125 0.3166666671875 0.29453125 0.32083333281250004 0.2875 0.3166666671875 0.2703125 0.3166666671875 0.2659375 0.3166666671875 0.23515625 0.32083333281250004 0.37421875 0.322222221875
1 0.4296875 0.322222221875 0.5234375 0.322222221875 0.5234375 0.3166666671875 0.5194687499999999 0.3166666671875 0.42265625 0.31805555625 0.4296875 0.322222221875
1 0.64609375 0.322222221875 0.68828125 0.31805555625 0.63828125 0.315277778125 0.63431484375 0.315277778125 0.57421875 0.31805555625 0.64609375 0.322222221875
1 0.1046875 0.3236111109375 0.1078125 0.322222221875 0.10625 0.31944444375000003 0.10234375 0.31944444375000003 0.0375 0.322222221875 0.1046875 0.3236111109375
1 0.196875 0.325 0.225 0.32083333281250004 0.21875 0.3166666671875 0.2140625 0.3166666671875 0.2046875 0.3166666671875 0.196875 0.325
1 0.5390625 0.322222221875 0.56015625 0.322222221875 0.5625 0.31805555625 0.5609375 0.3166666671875 0.556640625 0.3166666671875 0.5328125 0.31805555625 0.5390625 0.322222221875
1 0.8 0.31805555625 0.78984375 0.315277778125 0.78582578125 0.315277778125 0.72421875 0.31805555625 0.8 0.31805555625
1 0.9359375 0.32083333281250004 0.93828125 0.31805555625 0.9359375 0.315277778125 0.9296875 0.315277778125 0.921875 0.31805555625 0.9359375 0.32083333281250004
1 0.17109375 0.40416666718750005 0.16015625 0.40138888906250003 0.15625 0.40138888906250003 0.08359375 0.40416666718750005 0.17109375 0.40416666718750005
1 0.434375 0.48472222187499997 0.9140625 0.4861111109375 0.9765625 0.4875 0.98046875 0.4888888890625 0.98125 0.49444444374999996 0.9890625 0.4875 0.99921875 0.4875 0.99921875 0.48055555625 0.98984375 0.4791666671875 0.62265625 0.4791666671875 0.61953125 0.4791666671875 0.4375 0.48055555625 0.434375 0.48472222187499997
1 0.0484375 0.48194444374999995 0.00625 0.4861111109375 0.2671875 0.490277778125 0.378125 0.4888888890625 0.4203125 0.4861111109375 0.4234375 0.48194444374999995 0.40546875 0.48055555625 0.39921875 0.48055555625 0.38046875 0.48472222187499997 0.0484375 0.48194444374999995
1 0.15078125 0.5722222218749999 0.1609375 0.56805555625 0.15625 0.5666666671875 0.15227265625 0.5666666671875 0.02421875 0.5694444437499999 0.15078125 0.5722222218749999
1 0.4546875 0.5722222218749999 0.46328125 0.56805555625 0.459375 0.5638888890625 0.45859375 0.5625 0.4203125 0.56805555625 0.4546875 0.5722222218749999
1 0.35546875 0.6583333328125 0.3640625 0.6541666671875 0.459375 0.6541666671875 0.46328125 0.65 0.19140625 0.647222221875 0.1890625 0.647222221875 0.184375 0.6513888890625 0.35546875 0.6583333328125
1 0.92421875 0.6541666671875 0.93828125 0.65 0.8109375 0.647222221875 0.80625 0.647222221875 0.796875 0.6513888890625 0.92421875 0.6541666671875
1 0.025 0.652777778125 0.12578125 0.652777778125 0.12421875 0.6486111109375 0.10390625 0.647222221875 0.09921875 0.647222221875 0.0265625 0.6486111109375 0.025 0.652777778125
1 0.509375 0.6541666671875 0.57734375 0.65 0.51875 0.6458333328125 0.51640625 0.6458333328125 0.484375 0.6513888890625 0.509375 0.6541666671875
1 0.68828125 0.6513888890625 0.6734375 0.647222221875 0.609375 0.647222221875 0.60546875 0.647222221875 0.58515625 0.6513888890625 0.68828125 0.6513888890625
1 0.17421875 0.6541666671875 0.17890625 0.65 0.14765625 0.647222221875 0.1421875 0.647222221875 0.13515625 0.652777778125 0.17421875 0.6541666671875
1 0.153125 0.7333333328125 0.1578125 0.7375 0.29453125 0.734722221875 0.27890625 0.7291666671875 0.2171875 0.7263888890625 0.21171875 0.7263888890625 0.15859375 0.727777778125 0.153125 0.7333333328125
1 0.38828125 0.73194444375 0.3875 0.7361111109375 0.7515625 0.7402777781250001 0.815625 0.7361111109375 0.8109375 0.73055555625 0.4515625 0.7291666671875 0.44453125 0.7291666671875 0.39765625 0.73055555625 0.38828125 0.73194444375
1 0.925 0.7388888890625 0.915625 0.73194444375 0.909375 0.734722221875 0.9 0.73055555625 0.87734375 0.73055555625 0.8765625 0.73055555625 0.875 0.7388888890625 0.925 0.7388888890625
1 0.9375 0.7388888890625 0.9640625 0.7375 0.96953125 0.73194444375 0.93984375 0.73055555625 0.9390625 0.73055555625 0.9359375 0.7361111109375 0.9375 0.7388888890625
1 0.55859375 0.8208333328125 0.99921875 0.8208333328125 0.99921875 0.8138888890624999 0.5421875 0.809722221875 0.53984375 0.809722221875 0.5328125 0.8166666671874999 0.55859375 0.8208333328125
1 0.00546875 0.81805555625 0.02421875 0.8194444437499999 0.190625 0.81805555625 0.1875 0.8125 0.17421875 0.8111111109375001 0.01015625 0.8125 0.009375 0.8111111109375001 0.00234375 0.8138888890624999 0.00546875 0.81805555625
1 0.403125 0.8138888890624999 0.403125 0.81805555625 0.4359375 0.8194444437499999 0.440625 0.815277778125 0.42421875 0.8111111109375001 0.419921875 0.8111111109375001 0.40703125 0.8111111109375001 0.403125 0.8138888890624999
1 0.228125 0.8013888890624999 0.22890625 0.80694444375 0.2171875 0.809722221875 0.21015625 0.81805555625 0.21328125 0.8236111109375001 0.22890625 0.8263888890625 0.23515625 0.8291666671875 0.2359375 0.8333333328125001 0.24453125 0.8291666671875 0.25078125 0.8333333328125001 0.27890625 0.83055555625 0.29765625 0.834722221875 0.315625 0.834722221875 0.32421875 0.83055555625 0.3296875 0.834722221875 0.33828125 0.83055555625 0.34609375 0.8333333328125001 0.3578125 0.825 0.359375 0.8194444437499999 0.34609375 0.8013888890624999 0.2484375 0.8 0.24765625 0.7986111109375 0.23984375 0.8027777781250001 0.228125 0.8013888890624999
1 0.02890625 0.9 0.134375 0.9013888890624999 0.24453125 0.8986111109375001 0.33046875 0.902777778125 0.3359375 0.8986111109375001 0.31796875 0.8916666671875 0.146875 0.8916666671875 0.14453125 0.8916666671875 0.0265625 0.8958333328125001 0.02890625 0.9
1 0.821875 0.9041666671874999 0.99921875 0.9041666671874999 0.99921875 0.897222221875 0.8109375 0.8958333328125001 0.81015625 0.89444444375 0.796875 0.9 0.821875 0.9041666671874999
1 0.54765625 0.9 0.5640625 0.902777778125 0.571875 0.8958333328125001 0.5609375 0.89305555625 0.55859375 0.89305555625 0.54921875 0.89444444375 0.54765625 0.9
1 0.76328125 0.9 0.75546875 0.89305555625 0.75390625 0.89305555625 0.74921875 0.9 0.76328125 0.9
1 0.0109375 0.98194444375 0.15 0.98194444375 0.159375 0.984722221875 0.16015625 0.9986111109375001 0.16328125 0.9986111109375001 0.1625 0.9861111109375 0.16484375 0.98194444375 0.19140625 0.98194444375 0.18515625 0.977777778125 0.115625 0.9763888890624999 0.111603125 0.9763888890624999 0.00546875 0.977777778125 0.0109375 0.98194444375
1 0.87265625 0.98194444375 0.86015625 0.98055555625 0.85859375 0.98194444375 0.8625 0.9861111109375 0.85859375 0.9930555562500001 0.84765625 0.9930555562500001 0.84609375 0.9888888890624999 0.84375 0.9930555562500001 0.8765625 0.9958333328125001 0.9078125 0.99444444375 0.925 0.9888888890624999 0.9875 0.9902777781250001 0.99921875 0.9888888890624999 0.99921875 0.9763888890624999 0.9953125 0.9763888890624999 0.8796875 0.977777778125 0.87265625 0.98194444375
1 0.82890625 0.9888888890624999 0.84453125 0.9833333328125 0.84921875 0.9861111109375 0.84609375 0.98055555625 0.840625 0.98055555625 0.8356773437499999 0.98055555625 0.82421875 0.98194444375 0.82890625 0.9888888890624999
0 0.6375 0.9986111109375001 0.63828125 0.9861111109375 0.63515625 0.98194444375 0.634375 0.98194444375 0.62578125 0.9986111109375001 0.6375 0.9986111109375001