1 0 0.522222221875 0.009375 0.5263888890625 0.0265625 0.5236111109375 0.0640625 0.527777778125 0.12734375 0.527777778125 0.14453125 0.51944444375 0.16328125 0.51944444375 0.1734375 0.5263888890625 0.17890625 0.5236111109375 0.18125 0.527777778125 0.196875 0.5236111109375 0.20234375 0.5236111109375 0.2046875 0.527777778125 0.4859375 0.527777778125 0.578125 0.522222221875 0.66953125 0.525 0.6734375 0.5236111109375 0.67734375 0.5138888890625 0.67421875 0.5097222218749999 0.58828125 0.5097222218749999 0.5875 0.5083333328124999 0.56875 0.5125 0.39609375 0.5138888890625 0.00859375 0.5125 0 0.515277778125 0 0.522222221875
1 0.6984375 0.5138888890625 0.703125 0.5236111109375 0.99921875 0.5208333328125 0.99921875 0.50555555625 0.96171875 0.5041666671875 0.95755234375 0.5041666671875 0.7109375 0.5083333328124999 0.6984375 0.5138888890625
1 0 0.6152777781250001 0.40390625 0.6180555562500001 0.4984375 0.6166666671875001 0.5125 0.6125 0.99609375 0.6125 0.99921875 0.6111111109375 0.99921875 0.602777778125 0.9953125 0.602777778125 0.68125 0.6041666671875 0.646875 0.6083333328125 0.51328125 0.609722221875 0.00859375 0.6083333328125 0 0.609722221875 0 0.6152777781250001
1 0 0.6986111109375 0.06875 0.6972222218749999 0.1578125 0.702777778125 0.22734375 0.6972222218749999 0.16171875 0.6944444437499999 0.1546875 0.6888888890625 0.15078125 0.6888888890625 0.1421875 0.6944444437499999 0.07109375 0.6958333328124999 0 0.6916666671875 0 0.6986111109375
1 0.7515625 0.6861111109375 0.72890625 0.6916666671875 0.60625 0.6888888890625 0.5859375 0.69305555625 0.79453125 0.6958333328124999 0.84765625 0.69305555625 0.8515625 0.6888888890625 0.84609375 0.6861111109375 0.8453125 0.684722221875 0.82578125 0.6888888890625 0.7515625 0.6861111109375
1 0.85625 0.6888888890625 0.86015625 0.69305555625 0.98828125 0.69305555625 0.99296875 0.6888888890625 0.87734375 0.684722221875 0.8765625 0.684722221875 0.86875 0.690277778125 0.85625 0.6888888890625
1 0.14140625 0.772222221875 0.10546875 0.775 0.1109375 0.7805555562500001 0.15703125 0.7833333328125 0.41953125 0.7833333328125 0.4765625 0.777777778125 0.475 0.7736111109375 0.1984375 0.775 0.1515625 0.772222221875 0.15078125 0.7666666671875 0.14765625 0.7666666671875 0.1421875 0.76805555625 0.14140625 0.772222221875
1 0.8140625 0.777777778125 0.83203125 0.7736111109375 0.82734375 0.76805555625 0.81015625 0.7666666671875 0.73359375 0.7666666671875 0.72890625 0.7666666671875 0.7234375 0.775 0.8140625 0.777777778125
1 0 0.7777763890625 0.09140625 0.7805541671875 0.103125 0.7763875 0.07890625 0.7722208328125 0.0015625 0.77083194375 0 0.77083194375 0 0.7777763890625
1 0.92109375 0.775 0.99921875 0.775 0.99921875 0.76805555625 0.9359375 0.7666666671875 0.93359375 0.7666666671875 0.91640625 0.7708333328125 0.92109375 0.775
1 0.56328125 0.7763888890625 0.5828125 0.7791666671875 0.60859375 0.775 0.62890625 0.7791666671875 0.63984375 0.775 0.62578125 0.772222221875 0.62265625 0.76805555625 0.61015625 0.76944444375 0.60703125 0.7736111109375 0.59375 0.76805555625 0.5890625 0.76805555625 0.5640625 0.772222221875 0.56328125 0.7763888890625
1 0.68828125 0.7791666671875 0.70390625 0.775 0.70078125 0.7708333328125 0.6703125 0.7666666671875 0.66796875 0.7666666671875 0.66015625 0.775 0.68828125 0.7791666671875
1 0 0.859722221875 0.22734375 0.8652777781250001 0.43046875 0.8652777781250001 0.43671875 0.8611111109375 0.425 0.85694444375 0.2703125 0.8583333328125 0.20078125 0.852777778125 0.17734375 0.852777778125 0.1703125 0.8583333328125 0.159375 0.8583333328125 0.1546875 0.8513888890624999 0.153125 0.8513888890624999 0.15078125 0.85555555625 0.0125 0.8541666671874999 0 0.85555555625 0 0.859722221875
1 0.953125 0.8583333328125 0.99921875 0.85694444375 0.99921875 0.85 0.96953125 0.85 0.9671875 0.8458333328125001 0.9640625 0.8458333328125001 0.946875 0.8541666671874999 0.953125 0.8583333328125
1 0.94765625 0.9277777781250001 0.94765625 0.934722221875 0.9546875 0.94305555625 0.99921875 0.9444444437499999 0.99921875 0.9305555562500001 0.98515625 0.93194444375 0.97109375 0.925 0.9669921875 0.925 0.95 0.9263888890624999 0.94765625 0.9277777781250001
1 0.14140625 0.9388888890624999 0.00390625 0.9388888890624999 0.0109375 0.9444444437499999 0.14609375 0.9444444437499999 0.15 0.95 0.16171875 0.9444444437499999 0.3734375 0.9444444437499999 0.37265625 0.940277778125 0.28828125 0.940277778125 0.259375 0.9361111109375001 0.23125 0.940277778125 0.1640625 0.940277778125 0.15390625 0.9305555562500001 0.15078125 0.9125 0.15 0.9111111109375001 0.14921875 0.934722221875 0.14140625 0.9388888890624999
0 0.80625 0.934722221875 0.790625 0.9291666671875 0.76796875 0.95 0.7578125 0.9486111109375001 0.7296875 0.9611111109375001 0.69921875 0.959722221875 0.6890625 0.952777778125 0.66640625 0.9708333328125001 0.6578125 0.9875 0.65 0.984722221875 0.63203125 0.9611111109375001 0.6203125 0.9416666671874999 0.6109375 0.9166666671874999 0.60703125 0.9208333328125 0.60703125 0.9388888890624999 0.6140625 0.9583333328125001 0.63671875 0.9986111109375001 0.8203125 0.9986111109375001 0.8453125 0.89444444375 0.8453125 0.8847222218749999 0.84140625 0.8763888890624999 0.840625 0.8763888890624999 0.81953125 0.9208333328125 0.80625 0.934722221875
2 0.31015625 0.6236111109375 0.3046875 0.6291666671875 0.296875 0.6291666671875 0.2921875 0.6236111109375 0.28515625 0.6263888890625 0.27734375 0.6458333328125 0.28125 0.6513888890625 0.28125 0.6625 0.28984375 0.665277778125 0.2921875 0.6736111109375 0.28203125 0.684722221875 0.28515625 0.6875 0.284375 0.690277778125 0.275 0.690277778125 0.2734375 0.6805555562500001 0.27578125 0.66944444375 0.2703125 0.665277778125 0.26640625 0.6736111109375 0.2671875 0.6916666671875 0.275 0.7 0.28203125 0.7 0.29375 0.690277778125 0.2984375 0.6958333328124999 0.30390625 0.6958333328124999 0.31015625 0.6888888890625 0.31484375 0.6958333328124999 0.34140625 0.69305555625 0.35 0.6736111109375 0.34453125 0.66805555625 0.3453125 0.659722221875 0.3421875 0.6513888890625 0.334375 0.6513888890625 0.3296875 0.6583333328125 0.32109375 0.6513888890625 0.3296875 0.6263888890625 0.3265625 0.6180555562500001 0.32578125 0.6166666671875001 0.31796875 0.625 0.31015625 0.6236111109375
2 0.38359375 0.6611111109375 0.3671875 0.6888888890625 0.36875 0.69305555625 0.3765625 0.6916666671875 0.38203125 0.6972222218749999 0.3921875 0.69305555625 0.415625 0.6958333328124999 0.43515625 0.6888888890625 0.4390625 0.6958333328124999 0.4453125 0.6958333328124999 0.453125 0.6875 0.45859375 0.672222221875 0.4484375 0.6541666671875 0.4140625 0.6541666671875 0.41328125 0.6458333328125 0.40703125 0.6416666671875 0.40703125 0.63055555625 0.4015625 0.622222221875 0.4 0.622222221875 0.390625 0.6333333328124999 0.38359375 0.6611111109375
2 0.490625 0.64444444375 0.48515625 0.652777778125 0.4828125 0.66944444375 0.4765625 0.6805555562500001 0.4765625 0.6888888890625 0.48203125 0.6888888890625 0.48515625 0.6944444437499999 0.50390625 0.69305555625 0.5078125 0.6777777781250001 0.515625 0.6736111109375 0.51796875 0.665277778125 0.5171875 0.6541666671875 0.50234375 0.6458333328125 0.5078125 0.6236111109375 0.50546875 0.6166666671875001 0.5015625 0.6166666671875001 0.49609375 0.6236111109375 0.490625 0.64444444375
3 0.93984375 0.3458333328125 0.9296875 0.3625 0.9296875 0.3875 0.9359375 0.4263888890625 0.93359375 0.434722221875 0.94296875 0.43333333281249997 0.946875 0.4375 0.95078125 0.4458333328125 0.946875 0.45 0.9515625 0.459722221875 0.9671875 0.4625 0.97265625 0.4611111109375 0.97421875 0.45555555625000005 0.97890625 0.459722221875 0.97578125 0.45416666718750004 0.98203125 0.4486111109375 0.9859375 0.4513888890625 0.9828125 0.447222221875 0.9875 0.44444444375 0.98828125 0.4388888890625 0.9703125 0.4375 0.9703125 0.43194444374999996 0.99921875 0.43055555625 0.99921875 0.33055555625 0.98125 0.3291666671875 0.9765625 0.3291666671875 0.95078125 0.3375 0.93984375 0.3458333328125