1 0 0.522222221875 0.00859375 0.527777778125 0.0203125 0.5236111109375 0.03359375 0.527777778125 0.040625 0.522222221875 0.06015625 0.522222221875 0.06328125 0.527777778125 0.1109375 0.5291666671875 0.13515625 0.527777778125 0.14609375 0.522222221875 0.1734375 0.527777778125 0.290625 0.527777778125 0.30390625 0.5236111109375 0.39375 0.5263888890625 0.41015625 0.51805555625 0.4265625 0.5166666671875 0.4515625 0.51805555625 0.4625 0.525 0.48203125 0.5208333328125 0.48828125 0.525 0.51015625 0.525 0.540625 0.515277778125 0.5484375 0.51944444375 0.55546875 0.515277778125 0.6078125 0.515277778125 0.6109375 0.51944444375 0.621875 0.51805555625 0.62578125 0.5236111109375 0.99921875 0.5208333328125 0.99921875 0.50555555625 0.8859375 0.5041666671875 0.884375 0.5041666671875 0.87265625 0.5083333328124999 0.4390625 0.5083333328124999 0.13125 0.515277778125 0 0.5125 0 0.522222221875
1 0 0.6152777781250001 0.99921875 0.6111111109375 0.99921875 0.602777778125 0.94765625 0.6013888890625 0.946875 0.6013888890625 0.78671875 0.60555555625 0.52421875 0.6041666671875 0.34375 0.609722221875 0 0.6083333328125 0 0.6152777781250001
1 0 0.6972222218749999 0.2734375 0.6972222218749999 0.26953125 0.6916666671875 0.02421875 0.6916666671875 0.02018203125 0.6916666671875 0 0.6916666671875 0 0.6972222218749999
1 0.6109375 0.68194444375 0.60703125 0.6861111109375 0.59921875 0.6805555562500001 0.59140625 0.6861111109375 0.578125 0.6833333328125 0.57578125 0.6875 0.5640625 0.6833333328125 0.5625 0.69305555625 0.5984375 0.6944444437499999 0.60703125 0.690277778125 0.61015625 0.6944444437499999 0.62265625 0.6958333328124999 0.6328125 0.6916666671875 0.634375 0.6875 0.640625 0.69305555625 0.684375 0.6958333328124999 0.83359375 0.6916666671875 0.99921875 0.6944444437499999 0.99921875 0.6861111109375 0.99453125 0.684722221875 0.91796875 0.6833333328125 0.89609375 0.6875 0.8453125 0.6833333328125 0.75078125 0.6833333328125 0.74765625 0.6875 0.71953125 0.6833333328125 0.7171875 0.6875 0.7078125 0.6875 0.68828125 0.6833333328125 0.68046875 0.690277778125 0.66171875 0.6805555562500001 0.65390625 0.6875 0.65078125 0.6833333328125 0.6375 0.6861111109375 0.628125 0.6763888890625 0.625 0.6763888890625 0.621875 0.6833333328125 0.6109375 0.68194444375
1 0 0.777777778125 0.2953125 0.7805555562500001 0.39296875 0.7791666671875 0.4 0.775 0.14296875 0.7708333328125 0.1421875 0.7708333328125 0 0.772222221875 0 0.777777778125
1 0.796875 0.7763888890625 0.99921875 0.775 0.99921875 0.76805555625 0.8109375 0.7666666671875 0.80625 0.7666666671875 0.790625 0.7708333328125 0.796875 0.7763888890625
1 0.63046875 0.775 0.62734375 0.772222221875 0.6234195312499999 0.772222221875 0.45390625 0.775 0.63046875 0.775
1 0 0.859722221875 0.15 0.8652777781250001 0.359375 0.8611111109375 0.3484375 0.85694444375 0.2359375 0.85694444375 0.23203125 0.852777778125 0.00625 0.852777778125 0.00390625 0.852777778125 0 0.8541666671874999 0 0.859722221875
1 0.81484375 0.85694444375 0.82421875 0.8611111109375 0.99921875 0.8583333328125 0.99921875 0.85 0.96640625 0.8486111109375001 0.96171875 0.8486111109375001 0.84765625 0.8513888890624999 0.81484375 0.85694444375
1 0.146875 0.9375 0.0046875 0.940277778125 0.15 0.9458333328125 0.2375 0.94305555625 0.2203125 0.9375 0.15625 0.9375 0.15390625 0.934722221875 0.15390625 0.9125 0.15078125 0.909722221875 0.15 0.909722221875 0.14921875 0.934722221875 0.146875 0.9375
1 0.15 0.9986111109375001 0.15390625 0.9986111109375001 0.15390625 0.977777778125 0.15234375 0.977777778125 0.15 0.98055555625 0.15 0.9986111109375001
1 0.9609375 0.9263888890624999 0.959375 0.9291666671875 0.946875 0.9263888890624999 0.940625 0.93194444375 0.93125 0.9277777781250001 0.92578125 0.93194444375 0.87890625 0.93194444375 0.84296875 0.9388888890624999 0.8453125 0.94305555625 0.99921875 0.9388888890624999 0.99921875 0.9305555562500001 0.96953125 0.93194444375 0.96484375 0.9263888890624999 0.96640625 0.9236111109375 0.96171875 0.9236111109375 0.95703125 0.9236111109375 0.9609375 0.9263888890624999
0 0.6578125 0.897222221875 0.63984375 0.8875 0.628125 0.9 0.6234375 0.9111111109375001 0.6140625 0.9083333328125001 0.596875 0.925 0.5734375 0.9277777781250001 0.56796875 0.9236111109375 0.55546875 0.9277777781250001 0.54375 0.9236111109375 0.53671875 0.934722221875 0.53046875 0.9541666671875 0.52421875 0.95694444375 0.51171875 0.9513888890625 0.49765625 0.93194444375 0.496875 0.934722221875 0.509375 0.9680555562500001 0.52578125 0.9986111109375001 0.671875 0.9986111109375001 0.678125 0.940277778125 0.69375 0.872222221875 0.6953125 0.8513888890624999 0.69296875 0.8458333328125001 0.68984375 0.8458333328125001 0.66796875 0.8847222218749999 0.6578125 0.897222221875
0 0.46875 0.9986111109375001 0.4671875 0.98194444375 0.46640625 0.98055555625 0.45703125 0.9986111109375001 0.46875 0.9986111109375001
2 0.28125 0.6583333328125 0.2765625 0.665277778125 0.27109375 0.6638888890625 0.26640625 0.672222221875 0.26875 0.69305555625 0.275 0.6986111109375 0.28359375 0.6986111109375 0.296875 0.6875 0.303125 0.6958333328124999 0.309375 0.6833333328125 0.315625 0.6944444437499999 0.33828125 0.6944444437499999 0.34921875 0.6736111109375 0.34296875 0.66805555625 0.3421875 0.65 0.3359375 0.6513888890625 0.33046875 0.6611111109375 0.31875 0.6513888890625 0.31875 0.6458333328125 0.3296875 0.6263888890625 0.328125 0.6166666671875001 0.30859375 0.622222221875 0.30390625 0.6291666671875 0.28828125 0.622222221875 0.278125 0.640277778125 0.28203125 0.65 0.28125 0.6583333328125
2 0.3890625 0.6625 0.38359375 0.6638888890625 0.36875 0.6861111109375 0.36953125 0.6944444437499999 0.3890625 0.6625
3 0.9375 0.38333333281250004 0.9375 0.40277777812500004 0.934375 0.40694444374999994 0.93515625 0.427777778125 0.93125 0.434722221875 0.93671875 0.4375 0.9390625 0.4486111109375 0.94609375 0.4583333328125 0.96640625 0.4625 0.971875 0.4583333328125 0.96953125 0.4458333328125 0.975 0.4361111109375 0.9828125 0.434722221875 0.9859375 0.44444444375 0.990625 0.434722221875 0.99921875 0.43333333281249997 0.99921875 0.33194444375 0.959375 0.33194444375 0.9453125 0.34027777812500004 0.94296875 0.3513888890625 0.9328125 0.35694444375 0.9328125 0.372222221875 0.9375 0.38333333281250004