1 0 0.115277778125 0.0109375 0.11388888906250001 0.02421875 0.12361111093749999 0.034375 0.11944444375 0.053125 0.12361111093749999 0.13125 0.12222222187500001 0.13984375 0.115277778125 0.14296875 0.10694444375 0.14296875 0.075 0.13671875 0.075 0.13125 0.0791666671875 0.109375 0.077777778125 0.103125 0.08194444375 0.09453125 0.08055555625000001 0.09140625 0.084722221875 0.0703125 0.084722221875 0.06015625 0.09444444375 0.05078125 0.09305555625 0.04140625 0.084722221875 0.0359375 0.0861111109375 0.02890625 0.077777778125 0 0.077777778125 0 0.115277778125
1 0 0.2833333328125 0.00546875 0.28194444375 0.0125 0.2888888890625 0.04453125 0.2875 0.05625 0.28055555625 0.065625 0.28055555625 0.075 0.2875 0.08515625 0.2833333328125 0.128125 0.28611111093749997 0.1421875 0.28472222187499996 0.1546875 0.2708333328125 0.15 0.2611111109375 0.15 0.2513888890625 0.153125 0.24305555625 0.15 0.23611111093749998 0.14140625 0.2375 0.1296875 0.23055555625 0.1265625 0.23194444375 0.12265625 0.24305555625 0.11953125 0.2388888890625 0.1109375 0.240277778125 0.10859375 0.23333333281250002 0.1125 0.23194444375 0.103125 0.23194444375 0.10234375 0.2375 0.09453125 0.24722222187499998 0.09296875 0.2638888890625 0.0875 0.27777777812500004 0.0671875 0.28055555625 0.06171875 0.275 0.06484375 0.2708333328125 0.06171875 0.2666666671875 0.06796875 0.2611111109375 0.0734375 0.2625 0.06953125 0.25833333281250004 0.06171875 0.2611111109375 0.0546875 0.2513888890625 0.0578125 0.24722222187499998 0.05546875 0.24583333281250003 0.05390625 0.23611111093749998 0.059375 0.23194444375 0.059375 0.222222221875 0.0640625 0.215277778125 0.06015625 0.20833333281250002 0.05859375 0.20833333281250002 0.05390625 0.2125 0.0484375 0.23055555625 0.0359375 0.2416666671875 0.01640625 0.2375 0.01015625 0.22916666718749998 0 0.225 0 0.2833333328125
1 0.5875 0.20416666718749998 0.58828125 0.2 0.58385390625 0.2 0.56171875 0.20138888906250002 0.5875 0.20416666718749998
1 0.3859375 0.20416666718749998 0.384375 0.2 0.3802734375 0.2 0.36796875 0.20277777812500003 0.3859375 0.20416666718749998
1 0.70078125 0.20416666718749998 0.70078125 0.2 0.696484375 0.2 0.69140625 0.20138888906250002 0.70078125 0.20416666718749998
1 0.59765625 0.20416666718749998 0.5984375 0.2 0.59296875 0.2 0.59375 0.20416666718749998 0.59765625 0.20416666718749998
1 0.49296875 0.2 0.490625 0.1986111109375 0.4890625 0.1986111109375 0.4875 0.2 0.49296875 0.2
1 0.5359375 0.2 0.53359375 0.1986111109375 0.5328125 0.1986111109375 0.53125 0.2 0.5359375 0.2
1 0 0.36944444375 0.0796875 0.372222221875 0.10078125 0.36805555624999997 0.09765625 0.3638888890625 0.0875 0.3638888890625 0.08352265625000001 0.3638888890625 0 0.3638888890625 0 0.36944444375
1 0.765625 0.3736111109375 0.771875 0.3708333328125 0.78046875 0.375 0.790625 0.36944444375 0.796875 0.375 0.80078125 0.372222221875 0.79921875 0.36805555624999997 0.78203125 0.36666666718749996 0.77808515625 0.36666666718749996 0.62578125 0.36944444375 0.765625 0.3736111109375
1 0.525 0.36805555624999997 0.56171875 0.36944444375 0.56015625 0.3638888890625 0.55580390625 0.3638888890625 0.5296875 0.3638888890625 0.525 0.36805555624999997
1 0.3546875 0.36805555624999997 0.33125 0.3638888890625 0.328125 0.3638888890625 0.32421875 0.36805555624999997 0.3546875 0.36805555624999997
1 0.40625 0.36805555624999997 0.39453125 0.3638888890625 0.3875 0.3638888890625 0.38359375 0.36805555624999997 0.40625 0.36805555624999997
1 0.13671875 0.36944444375 0.146875 0.36944444375 0.14765625 0.3638888890625 0.143359375 0.3638888890625 0.13515625 0.365277778125 0.13671875 0.36944444375
1 0.90703125 0.372222221875 0.91484375 0.36944444375 0.915625 0.365277778125 0.91171875 0.3611111109375 0.9046875 0.3611111109375 0.89921875 0.36805555624999997 0.90703125 0.372222221875
1 0 0.5333333328125 0.07578125 0.5375 0.42421875 0.5375 0.44921875 0.5333333328125 0.07265625 0.5319444437499999 0.06015625 0.527777778125 0.02578125 0.527777778125 0.021484375 0.527777778125 0 0.527777778125 0 0.5333333328125
1 0.7984375 0.5361111109375 0.8625 0.5361111109375 0.884375 0.54305555625 0.890625 0.5375 0.9875 0.5361111109375 0.98671875 0.5319444437499999 0.8421875 0.5319444437499999 0.8380468750000001 0.5319444437499999 0.80078125 0.5319444437499999 0.7984375 0.5361111109375
1 0.615625 0.5375 0.6203125 0.5361111109375 0.61875 0.5319444437499999 0.61484375 0.5319444437499999 0.54765625 0.534722221875 0.615625 0.5375
1 0.10390625 0.6152777781250001 0.1 0.6083333328125 0.09609375 0.6083333328125 0.07109375 0.6138888890625 0.10390625 0.6152777781250001
1 0.91953125 0.6111111109375 0.91328125 0.6138888890625 0.9125 0.6180555562500001 0.95390625 0.622222221875 0.98984375 0.6180555562500001 0.9890625 0.6138888890625 0.9828125 0.6111111109375 0.9671875 0.6111111109375 0.96640625 0.609722221875 0.93984375 0.6138888890625 0.91953125 0.6111111109375
1 0 0.7 0.04609375 0.7013888890625 0.04296875 0.7041666671875 0.059375 0.6986111109375 0.1546875 0.702777778125 0.6046875 0.7 0.5984375 0.6958333328124999 0.025 0.69305555625 0.02083359375 0.69305555625 0 0.69305555625 0 0.7
1 0.6375 0.70555555625 0.76328125 0.70555555625 0.7703125 0.7013888890625 0.76171875 0.6972222218749999 0.68359375 0.6958333328124999 0.67890625 0.6958333328124999 0.6171875 0.7 0.6375 0.70555555625
1 0.8890625 0.7 0.98828125 0.7 0.9875 0.6958333328124999 0.96640625 0.6944444437499999 0.91640625 0.6958333328124999 0.915625 0.6944444437499999 0.8921875 0.6958333328124999 0.8890625 0.7
1 0.059375 0.8611111109375 0.06484375 0.8666666671875 0.090625 0.8680555562500001 0.24609375 0.8666666671875 0.2984375 0.8708333328125001 0.6390625 0.8680555562500001 0.63828125 0.8638888890624999 0.63046875 0.8611111109375 0.603125 0.8625 0.5953125 0.85694444375 0.59375 0.8611111109375 0.58671875 0.8625 0.56875 0.8611111109375 0.5640625 0.85694444375 0.56171875 0.8611111109375 0.52734375 0.8611111109375 0.5171875 0.85694444375 0.28671875 0.859722221875 0.15859375 0.85555555625 0.1578125 0.85555555625 0.06328125 0.85694444375 0.059375 0.8611111109375
1 0 0.8652777781250001 0.02421875 0.8611111109375 0.01015625 0.85555555625 0.005078125 0.85555555625 0 0.85555555625 0 0.8652777781250001
1 0.16640625 0.94305555625 0.1734375 0.95 0.20390625 0.9513888890625 0.25625 0.9486111109375001 0.27578125 0.952777778125 0.43125 0.952777778125 0.465625 0.95694444375 0.7359375 0.9541666671875 0.734375 0.95 0.725 0.9486111109375001 0.4078125 0.94305555625 0.40390625 0.9388888890624999 0.22421875 0.9388888890624999 0.22109375 0.9388888890624999 0.15546875 0.94305555625 0.16640625 0.94305555625
1 0 0.9486111109375001 0.08046875 0.95 0.1109375 0.9486111109375001 0.11875 0.9444444437499999 0.134375 0.9486111109375001 0.15 0.94305555625 0.07109375 0.940277778125 0.06714375 0.940277778125 0 0.940277778125 0 0.9486111109375001
2 0.27734375 0.077777778125 0.26484375 0.077777778125 0.259375 0.08194444375 0.21640625 0.077777778125 0.21015625 0.08055555625000001 0.20390625 0.0916666671875 0.2015625 0.0791666671875 0.19296875 0.07638888906249999 0.18125 0.0986111109375 0.18125 0.10833333281249999 0.18515625 0.12222222187500001 0.20078125 0.12361111093749999 0.20546875 0.11944444375 0.21796875 0.125 0.2203125 0.13194444375 0.22421875 0.1291666671875 0.23046875 0.13333333281249998 0.23515625 0.140277778125 0.2484375 0.140277778125 0.2515625 0.14861111093749999 0.25703125 0.15 0.26328125 0.1416666671875 0.265625 0.13194444375 0.27265625 0.125 0.2875 0.1208333328125 0.28984375 0.1166666671875 0.3046875 0.1208333328125 0.309375 0.11805555625 0.30546875 0.102777778125 0.31171875 0.077777778125 0.31953125 0.06805555625000001 0.31796875 0.05 0.3046875 0.059722221875 0.30703125 0.06527777812499999 0.3015625 0.06527777812499999 0.30234375 0.055555556250000006 0.2984375 0.047222221875 0.2984375 0.0458333328125 0.28515625 0.0736111109375 0.27734375 0.077777778125
2 0.49921875 0.08333333281250001 0.48984375 0.102777778125 0.484375 0.1041666671875 0.48125 0.0986111109375 0.48203125 0.09444444375 0.46796875 0.09305555625 0.46484375 0.075 0.44765625 0.0736111109375 0.43984375 0.077777778125 0.4359375 0.09444444375 0.41328125 0.115277778125 0.41875 0.1208333328125 0.43125 0.115277778125 0.44375 0.1208333328125 0.45078125 0.11388888906250001 0.465625 0.115277778125 0.475 0.1041666671875 0.4859375 0.1166666671875 0.48984375 0.11388888906250001 0.49296875 0.11944444375 0.5875 0.1166666671875 0.596875 0.1208333328125 0.60703125 0.115277778125 0.6125 0.12222222187500001 0.625 0.115277778125 0.63359375 0.115277778125 0.6484375 0.1208333328125 0.66328125 0.1111111109375 0.66953125 0.0958333328125 0.67890625 0.102777778125 0.68515625 0.11944444375 0.69296875 0.115277778125 0.7 0.1208333328125 0.70859375 0.1166666671875 0.7140625 0.1208333328125 0.72421875 0.1166666671875 0.7390625 0.1208333328125 0.74609375 0.1111111109375 0.75 0.0986111109375 0.7484375 0.09305555625 0.73828125 0.0916666671875 0.74140625 0.0791666671875 0.746875 0.07083333281250001 0.74765625 0.0638888890625 0.74375 0.055555556250000006 0.73671875 0.059722221875 0.73359375 0.07083333281250001 0.72421875 0.077777778125 0.71171875 0.08055555625000001 0.6890625 0.075 0.67734375 0.09444444375 0.66796875 0.09444444375 0.6640625 0.0875 0.6625 0.072222221875 0.65078125 0.077777778125 0.63671875 0.075 0.6296875 0.0861111109375 0.625 0.08194444375 0.61875 0.0666666671875 0.60546875 0.06944444375 0.5984375 0.0638888890625 0.5921875 0.0513888890625 0.57578125 0.075 0.55859375 0.077777778125 0.53125 0.0736111109375 0.52578125 0.0666666671875 0.52109375 0.06944444375 0.51484375 0.0625 0.51640625 0.0486111109375 0.521875 0.04444444375 0.51953125 0.0416666671875 0.51328125 0.0416666671875 0.503125 0.059722221875 0.49921875 0.08333333281250001
2 0.36796875 0.07638888906249999 0.3609375 0.08333333281250001 0.359375 0.09305555625 0.34921875 0.102777778125 0.3453125 0.11388888906250001 0.35703125 0.10555555624999999 0.3609375 0.11805555625 0.37578125 0.11805555625 0.38359375 0.11388888906250001 0.384375 0.10833333281249999 0.3875 0.11805555625 0.39609375 0.11944444375 0.4046875 0.109722221875 0.40234375 0.0958333328125 0.3953125 0.08055555625000001 0.3765625 0.084722221875 0.37265625 0.06805555625000001 0.37265625 0.061111110937500004 0.36875 0.0666666671875 0.36796875 0.07638888906249999
2 0.8234375 0.04305555625 0.81875 0.04305555625 0.8078125 0.05 0.79375 0.05 0.7875 0.055555556250000006 0.77890625 0.072222221875 0.77890625 0.07638888906249999 0.790625 0.0861111109375 0.78359375 0.1111111109375 0.78515625 0.11805555625 0.79453125 0.1208333328125 0.8046875 0.10694444375 0.81171875 0.10694444375 0.8140625 0.0986111109375 0.81484375 0.10694444375 0.821875 0.11805555625 0.8328125 0.11388888906250001 0.8375 0.11944444375 0.84921875 0.1166666671875 0.8625 0.0888888890625 0.85625 0.0875 0.84921875 0.072222221875 0.8421875 0.06944444375 0.84140625 0.0416666671875 0.8375 0.0416666671875 0.8296875 0.05 0.8234375 0.04305555625
2 0.56328125 0.215277778125 0.58359375 0.2166666671875 0.5828125 0.2236111109375 0.57109375 0.23611111093749998 0.56171875 0.240277778125 0.53984375 0.2375 0.53203125 0.2416666671875 0.52109375 0.2638888890625 0.515625 0.2625 0.51875 0.26527777812500003 0.5171875 0.26944444375 0.50390625 0.25833333281250004 0.496875 0.24305555625 0.49296875 0.2416666671875 0.49375 0.23472222187499997 0.50078125 0.23194444375 0.49765625 0.2125 0.49296875 0.2125 0.4765625 0.23472222187499997 0.46640625 0.240277778125 0.446875 0.2388888890625 0.43828125 0.24722222187499998 0.42734375 0.26944444375 0.4125 0.27777777812500004 0.4109375 0.28472222187499996 0.4234375 0.2888888890625 0.42734375 0.28472222187499996 0.4328125 0.2888888890625 0.42890625 0.29444444375 0.4328125 0.29722222187499997 0.4296875 0.3111111109375 0.4421875 0.3013888890625 0.4453125 0.2875 0.4546875 0.28194444375 0.46171875 0.2875 0.4875 0.28611111093749997 0.49765625 0.27638888906250003 0.50625 0.28611111093749997 0.5828125 0.28611111093749997 0.6 0.2666666671875 0.59453125 0.26805555625 0.59609375 0.2625 0.59296875 0.259722221875 0.58984375 0.2416666671875 0.59453125 0.23194444375 0.59296875 0.2208333328125 0.59765625 0.215277778125 0.59453125 0.20694444375 0.58671875 0.20694444375 0.58359375 0.2125 0.58125 0.20972222187499998 0.58203125 0.20138888906250002 0.5775390625 0.20138888906250002 0.5640625 0.20138888906250002 0.56328125 0.215277778125
2 0.3734375 0.22777777812500002 0.3640625 0.23194444375 0.3671875 0.2375 0.36640625 0.24722222187499998 0.35 0.275 0.3453125 0.27777777812500004 0.346875 0.28472222187499996 0.36640625 0.28472222187499996 0.37265625 0.2791666671875 0.38359375 0.28472222187499996 0.390625 0.28194444375 0.396875 0.2708333328125 0.40390625 0.2513888890625 0.40390625 0.24444444375000002 0.39140625 0.2388888890625 0.38828125 0.22777777812500002 0.38203125 0.2236111109375 0.38515625 0.2166666671875 0.38203125 0.2138888890625 0.38046875 0.2138888890625 0.3765625 0.2166666671875 0.3734375 0.22777777812500002
2 0.84296875 0.2513888890625 0.83046875 0.26944444375 0.82734375 0.26805555625 0.82578125 0.2513888890625 0.8171875 0.24722222187499998 0.82109375 0.2388888890625 0.81796875 0.225 0.8015625 0.24444444375000002 0.7875 0.2486111109375 0.7796875 0.2416666671875 0.7609375 0.24444444375000002 0.75703125 0.2513888890625 0.75703125 0.2625 0.759375 0.2666666671875 0.7578125 0.2833333328125 0.8140625 0.28611111093749997 0.8265625 0.27638888906250003 0.83359375 0.2791666671875 0.83671875 0.28611111093749997 0.84609375 0.2833333328125 0.896875 0.2875 0.903125 0.2791666671875 0.90390625 0.2666666671875 0.8984375 0.26944444375 0.89453125 0.2611111109375 0.89765625 0.24305555625 0.90546875 0.2375 0.90390625 0.2166666671875 0.9 0.2166666671875 0.89375 0.23055555625 0.88046875 0.24583333281250003 0.86796875 0.24583333281250003 0.8578125 0.23611111093749998 0.8640625 0.21944444375 0.86171875 0.2138888890625 0.8609375 0.2125 0.85234375 0.2236111109375 0.84296875 0.2513888890625
2 0.22109375 0.24583333281250003 0.20625 0.240277778125 0.19765625 0.24305555625 0.18828125 0.2625 0.1890625 0.2736111109375 0.19296875 0.28194444375 0.2078125 0.28472222187499996 0.2125 0.28055555625 0.2203125 0.28194444375 0.22734375 0.2736111109375 0.24375 0.2736111109375 0.24375 0.2791666671875 0.24765625 0.2791666671875 0.2515625 0.272222221875 0.25625 0.272222221875 0.259375 0.2833333328125 0.26875 0.28055555625 0.2828125 0.28472222187499996 0.290625 0.2791666671875 0.29296875 0.28472222187499996 0.2984375 0.28611111093749997 0.31015625 0.2791666671875 0.31796875 0.28611111093749997 0.325 0.28055555625 0.32890625 0.2708333328125 0.3296875 0.2638888890625 0.321875 0.26527777812500003 0.3203125 0.2611111109375 0.32109375 0.24305555625 0.328125 0.23611111093749998 0.32578125 0.21805555625 0.31953125 0.23055555625 0.3140625 0.23194444375 0.31015625 0.240277778125 0.30546875 0.2375 0.29453125 0.2513888890625 0.284375 0.24305555625 0.271875 0.2486111109375 0.2671875 0.24305555625 0.24296875 0.24583333281250003 0.23359375 0.23611111093749998 0.23671875 0.23194444375 0.234375 0.22777777812500002 0.23984375 0.2208333328125 0.23671875 0.2138888890625 0.2359375 0.2125 0.228125 0.222222221875 0.22109375 0.24583333281250003
2 0.70859375 0.22638888906250001 0.696875 0.2166666671875 0.68671875 0.23333333281250002 0.6796875 0.2388888890625 0.678125 0.24722222187499998 0.68203125 0.2513888890625 0.67734375 0.26527777812500003 0.6734375 0.2611111109375 0.66796875 0.2666666671875 0.65703125 0.2513888890625 0.66328125 0.240277778125 0.66796875 0.2166666671875 0.6609375 0.2125 0.65703125 0.2166666671875 0.64609375 0.24583333281250003 0.6265625 0.24583333281250003 0.61328125 0.2708333328125 0.60703125 0.2791666671875 0.60234375 0.27777777812500004 0.6 0.28194444375 0.60234375 0.28611111093749997 0.61796875 0.2833333328125 0.63046875 0.2888888890625 0.63203125 0.29444444375 0.6296875 0.3138888890625 0.63359375 0.32083333281250004 0.6421875 0.3125 0.64921875 0.28194444375 0.66171875 0.26944444375 0.665625 0.272222221875 0.6703125 0.26805555625 0.6734375 0.275 0.67109375 0.28194444375 0.6734375 0.28611111093749997 0.73359375 0.28472222187499996 0.7421875 0.2736111109375 0.74453125 0.259722221875 0.73984375 0.24722222187499998 0.721875 0.2388888890625 0.7203125 0.2208333328125 0.72421875 0.2166666671875 0.72265625 0.20833333281250002 0.71796875 0.20833333281250002 0.7109375 0.215277778125 0.70859375 0.22638888906250001
2 0.75625 0.1125 0.75546875 0.1111111109375 0.75546875 0.11805555625 0.75625 0.1125
1 0.17421875 0.28472222187499996 0.17421875 0.28055555625 0.1703125 0.28055555625 0.165625 0.28194444375 0.17421875 0.28472222187499996
2 0.415625 0.3333333328125 0.4109375 0.34722222187499996 0.41171875 0.35694444375 0.41953125 0.35694444375 0.42734375 0.34444444375 0.446875 0.28194444375 0.45078125 0.27638888906250003 0.4515625 0.26527777812500003 0.45078125 0.26527777812500003 0.43984375 0.2916666671875 0.415625 0.3333333328125
2 0 0.447222221875 0.06875 0.447222221875 0.0703125 0.4388888890625 0.065625 0.4375 0.0640625 0.43194444374999996 0.07421875 0.3875 0.08125 0.3708333328125 0.071875 0.3708333328125 0.06875 0.3763888890625 0.046875 0.3763888890625 0.0375 0.3708333328125 0.03671875 0.36944444375 0.028125 0.3763888890625 0.02109375 0.3916666671875 0.0171875 0.3875 0.00859375 0.39027777812500003 0.00703125 0.40555555625000006 0 0.41805555625 0 0.447222221875
2 0.15234375 0.3791666671875 0.1421875 0.38055555625 0.13359375 0.3763888890625 0.13046875 0.38055555625 0.13203125 0.3916666671875 0.1296875 0.397222221875 0.1296875 0.41111111093749997 0.13359375 0.41944444374999995 0.12265625 0.4388888890625 0.12265625 0.45 0.13203125 0.45 0.13984375 0.44166666718750003 0.14609375 0.4263888890625 0.1484375 0.434722221875 0.15390625 0.4361111109375 0.16015625 0.447222221875 0.1703125 0.44444444375 0.1765625 0.4486111109375 0.18515625 0.44305555625000004 0.18671875 0.4388888890625 0.175 0.434722221875 0.18359375 0.427777778125 0.1875 0.415277778125 0.1859375 0.40555555625000006 0.17734375 0.40277777812500004 0.178125 0.3916666671875 0.18203125 0.38194444375000003 0.18203125 0.3708333328125 0.17109375 0.36944444375 0.16640625 0.36944444375 0.16171875 0.36944444375 0.15234375 0.3791666671875
2 0.340625 0.3986111109375 0.3359375 0.40694444374999994 0.325 0.41111111093749997 0.31015625 0.40416666718750005 0.3015625 0.4125 0.2953125 0.3986111109375 0.29296875 0.3986111109375 0.28671875 0.40416666718750005 0.2703125 0.40416666718750005 0.26015625 0.4125 0.246875 0.40416666718750005 0.23203125 0.42083333281249996 0.225 0.40694444374999994 0.22578125 0.3958333328125 0.22265625 0.39444444375 0.21953125 0.40138888906250003 0.2234375 0.41944444374999995 0.221875 0.43055555625 0.2125 0.4361111109375 0.2171875 0.434722221875 0.2203125 0.4486111109375 0.22421875 0.45 0.2328125 0.4458333328125 0.24609375 0.4486111109375 0.2546875 0.44166666718750003 0.26328125 0.45 0.27734375 0.45 0.2828125 0.44444444375 0.290625 0.45 0.2984375 0.44444444375 0.309375 0.45 0.32421875 0.45 0.32890625 0.4458333328125 0.34140625 0.45 0.35078125 0.43194444374999996 0.3484375 0.4291666671875 0.33984375 0.434722221875 0.34296875 0.415277778125 0.35390625 0.384722221875 0.35390625 0.377777778125 0.35 0.3763888890625 0.34921875 0.375 0.3453125 0.3791666671875 0.340625 0.3986111109375
1 0.36484375 0.36805555624999997 0.37734375 0.36666666718749996 0.3734375 0.3625 0.36875 0.3625 0.36484375 0.3638888890625 0.36484375 0.36805555624999997
1 0.40703125 0.36805555624999997 0.40234375 0.3638888890625 0.38671875 0.3638888890625 0.384375 0.3638888890625 0.384375 0.36805555624999997 0.40703125 0.36805555624999997
1 0.28671875 0.365277778125 0.2828125 0.365277778125 0.275 0.36805555624999997 0.28671875 0.365277778125
2 0.4859375 0.3986111109375 0.48359375 0.38333333281250004 0.47734375 0.38194444375000003 0.4703125 0.39305555625 0.46640625 0.40833333281249995 0.46171875 0.40694444374999994 0.44765625 0.4166666671875 0.44140625 0.40972222187499996 0.43515625 0.4138888890625 0.42734375 0.40833333281249995 0.4234375 0.4138888890625 0.415625 0.40694444374999994 0.40546875 0.41111111093749997 0.4046875 0.4 0.4125 0.38055555625 0.4109375 0.375 0.40390625 0.3763888890625 0.3921875 0.415277778125 0.37265625 0.4458333328125 0.384375 0.44166666718750003 0.39140625 0.45 0.396875 0.4458333328125 0.40859375 0.45 0.415625 0.44305555625000004 0.41953125 0.45 0.43125 0.4458333328125 0.43515625 0.4513888890625 0.45078125 0.4513888890625 0.4578125 0.447222221875 0.4625 0.45277777812500003 0.490625 0.4513888890625 0.49296875 0.45416666718750004 0.490625 0.46388888906250003 0.478125 0.477777778125 0.4703125 0.49305555625 0.46875 0.5083333328124999 0.4703125 0.5125 0.4765625 0.5125 0.48984375 0.4916666671875 0.5 0.4611111109375 0.51015625 0.45 0.51796875 0.43194444374999996 0.51640625 0.40833333281249995 0.50625 0.415277778125 0.5046875 0.42083333281249996 0.5046875 0.415277778125 0.4984375 0.40277777812500004 0.50390625 0.384722221875 0.503125 0.375 0.5015625 0.372222221875 0.49453125 0.3791666671875 0.4859375 0.3986111109375
2 0.61640625 0.427777778125 0.6109375 0.4361111109375 0.60703125 0.4361111109375 0.60703125 0.4291666671875 0.60078125 0.42222222187499997 0.5953125 0.42222222187499997 0.58828125 0.40972222187499996 0.559375 0.40972222187499996 0.5421875 0.4361111109375 0.5328125 0.44305555625000004 0.53046875 0.45 0.56015625 0.45277777812500003 0.5703125 0.4513888890625 0.57578125 0.4458333328125 0.57890625 0.4513888890625 0.58671875 0.45277777812500003 0.5984375 0.44444444375 0.60234375 0.4513888890625 0.665625 0.45416666718750004 0.6671875 0.4625 0.6578125 0.47361111093749997 0.6578125 0.4888888890625 0.665625 0.4763888890625 0.66953125 0.48055555625 0.68359375 0.4458333328125 0.6890625 0.45277777812500003 0.70078125 0.4513888890625 0.7125 0.4291666671875 0.70546875 0.40694444374999994 0.6703125 0.40972222187499996 0.66171875 0.40416666718750005 0.6390625 0.4138888890625 0.63359375 0.41111111093749997 0.628125 0.3986111109375 0.6265625 0.3958333328125 0.62109375 0.40277777812500004 0.61640625 0.427777778125
2 0.7578125 0.3763888890625 0.75 0.3888888890625 0.75 0.3958333328125 0.74609375 0.40277777812500004 0.74609375 0.415277778125 0.73359375 0.4361111109375 0.72265625 0.4375 0.71953125 0.45 0.7328125 0.4486111109375 0.73515625 0.44305555625000004 0.73984375 0.44305555625000004 0.74765625 0.45277777812500003 0.76328125 0.44444444375 0.76953125 0.4513888890625 0.77734375 0.4513888890625 0.7828125 0.4458333328125 0.78671875 0.4513888890625 0.79453125 0.4486111109375 0.80234375 0.45277777812500003 0.81875 0.4388888890625 0.821875 0.4236111109375 0.81953125 0.415277778125 0.8125 0.40694444374999994 0.79453125 0.40833333281249995 0.79140625 0.40416666718750005 0.8 0.384722221875 0.80078125 0.36944444375 0.75703125 0.36805555624999997 0.7546875 0.36805555624999997 0.753125 0.36944444375 0.7578125 0.3763888890625
2 0.91875 0.42083333281249996 0.91328125 0.42083333281249996 0.9078125 0.40694444374999994 0.90234375 0.415277778125 0.896875 0.40972222187499996 0.8921875 0.40972222187499996 0.88828125 0.415277778125 0.88515625 0.40972222187499996 0.8765625 0.41111111093749997 0.86875 0.42083333281249996 0.8609375 0.40694444374999994 0.8578125 0.41111111093749997 0.8421875 0.4125 0.8375 0.40694444374999994 0.8265625 0.41944444374999995 0.8296875 0.43055555625 0.828125 0.44444444375 0.8296875 0.45 0.83359375 0.4486111109375 0.8375 0.4375 0.84140625 0.4361111109375 0.8453125 0.4486111109375 0.8484375 0.44305555625000004 0.85390625 0.44305555625000004 0.85625 0.45 0.8625 0.45 0.86484375 0.4458333328125 0.8671875 0.45 0.878125 0.45 0.88828125 0.43194444374999996 0.8953125 0.427777778125 0.89765625 0.43194444374999996 0.890625 0.44166666718750003 0.89140625 0.45 0.89609375 0.44444444375 0.9015625 0.45 0.91171875 0.44305555625000004 0.91484375 0.45 0.9203125 0.45 0.93125 0.4375 0.9359375 0.4375 0.9390625 0.4513888890625 0.95 0.44305555625000004 0.95078125 0.4388888890625 0.9453125 0.440277778125 0.9390625 0.434722221875 0.95078125 0.4166666671875 0.95078125 0.40416666718750005 0.946875 0.40416666718750005 0.93515625 0.42222222187499997 0.93125 0.42222222187499997 0.928125 0.4125 0.928125 0.40138888906250003 0.92734375 0.4 0.92265625 0.40555555625000006 0.91875 0.42083333281249996
2 0 0.6111111109375 0.0046875 0.6152777781250001 0.021875 0.6138888890625 0.02890625 0.6083333328125 0.03359375 0.6152777781250001 0.0640625 0.6152777781250001 0.06640625 0.6083333328125 0.059375 0.6083333328125 0.05859375 0.6 0.0625 0.5888888890625 0.06484375 0.56805555625 0.05390625 0.5708333328124999 0.04375 0.5791666671875 0.03984375 0.575 0.03828125 0.5625 0.03515625 0.5625 0.02890625 0.5694444437499999 0.01015625 0.5708333328124999 0 0.5930555562500001 0 0.6111111109375
2 0.1109375 0.5638888890625 0.1125 0.575 0.09453125 0.6138888890625 0.11640625 0.6152777781250001 0.12265625 0.60694444375 0.1265625 0.60694444375 0.13046875 0.6138888890625 0.134375 0.6138888890625 0.13828125 0.60694444375 0.146875 0.6120370375 0.146875 0.602777778125 0.153125 0.5944444437499999 0.1390625 0.5930555562500001 0.140625 0.5791666671875 0.13203125 0.5708333328124999 0.1328125 0.5625 0.1390625 0.55 0.14609375 0.54305555625 0.14453125 0.5361111109375 0.14140625 0.5361111109375 0.13125 0.5486111109375 0.1203125 0.547222221875 0.11640625 0.559722221875 0.1109375 0.5638888890625
2 0.23984375 0.5722222218749999 0.2328125 0.5791666671875 0.21953125 0.5722222218749999 0.2046875 0.5861111109375 0.196875 0.565277778125 0.19296875 0.5736111109375 0.19296875 0.5833333328125 0.18046875 0.6111111109375 0.18515625 0.6111111109375 0.1890625 0.6013888890625 0.19375 0.6152777781250001 0.2046875 0.6111111109375 0.215625 0.6138888890625 0.22421875 0.60694444375 0.23203125 0.6152777781250001 0.2515625 0.60694444375 0.26328125 0.6152777781250001 0.27109375 0.60694444375 0.27578125 0.5916666671875 0.275 0.5888888890625 0.27109375 0.5930555562500001 0.2671875 0.5861111109375 0.2640625 0.5736111109375 0.2640625 0.5583333328125 0.26328125 0.5583333328125 0.25859375 0.5708333328124999 0.23984375 0.5722222218749999
2 0.4046875 0.5625 0.39921875 0.559722221875 0.3984375 0.55 0.39296875 0.5513888890625 0.3828125 0.56805555625 0.3828125 0.5833333328125 0.3640625 0.6152777781250001 0.42734375 0.6180555562500001 0.43515625 0.6111111109375 0.44296875 0.5958333328125 0.43828125 0.5791666671875 0.43359375 0.5722222218749999 0.41953125 0.5763888890625 0.41484375 0.5708333328124999 0.4234375 0.5458333328125 0.4203125 0.5375 0.41953125 0.5361111109375 0.41484375 0.5388888890625 0.4046875 0.5625
2 0.340625 0.575 0.32265625 0.5736111109375 0.30390625 0.60555555625 0.290625 0.6152777781250001 0.3 0.6152777781250001 0.31015625 0.60555555625 0.3140625 0.6138888890625 0.32421875 0.6166666671875001 0.31796875 0.65 0.3203125 0.6541666671875 0.32578125 0.652777778125 0.334375 0.6375 0.3421875 0.6111111109375 0.35234375 0.5986111109375 0.35078125 0.58055555625 0.35859375 0.565277778125 0.3609375 0.5527777781250001 0.35859375 0.547222221875 0.3546875 0.547222221875 0.3453125 0.559722221875 0.340625 0.575
2 0.7109375 0.5611111109375 0.69140625 0.5888888890625 0.68671875 0.5875 0.6890625 0.5833333328125 0.68671875 0.5791666671875 0.6765625 0.577777778125 0.67421875 0.5736111109375 0.68046875 0.54444444375 0.6734375 0.54305555625 0.66640625 0.5527777781250001 0.66171875 0.56805555625 0.64609375 0.575 0.6125 0.5694444437499999 0.59375 0.5722222218749999 0.5765625 0.5944444437499999 0.565625 0.5944444437499999 0.5625 0.5986111109375 0.5671875 0.602777778125 0.565625 0.60555555625 0.55546875 0.60555555625 0.553125 0.609722221875 0.55 0.60555555625 0.55234375 0.597222221875 0.55703125 0.5986111109375 0.55546875 0.5916666671875 0.5484375 0.5888888890625 0.54296875 0.5736111109375 0.5015625 0.5736111109375 0.50078125 0.5638888890625 0.503125 0.55694444375 0.4984375 0.5541666671875001 0.49609375 0.54444444375 0.48984375 0.5416666671875 0.48203125 0.5541666671875001 0.4703125 0.5958333328125 0.459375 0.6152777781250001 0.521875 0.6152777781250001 0.52890625 0.6041666671875 0.5328125 0.6166666671875001 0.54453125 0.6138888890625 0.55703125 0.6180555562500001 0.62265625 0.6152777781250001 0.68203125 0.6180555562500001 0.68671875 0.622222221875 0.70390625 0.6166666671875001 0.80546875 0.61944444375 0.8546875 0.6138888890625 0.86953125 0.6166666671875001 0.878125 0.6041666671875 0.87265625 0.5944444437499999 0.86875 0.5944444437499999 0.86796875 0.5875 0.87265625 0.5638888890625 0.88203125 0.54444444375 0.88046875 0.5388888890625 0.86875 0.5513888890625 0.865625 0.5694444437499999 0.853125 0.5736111109375 0.81328125 0.5736111109375 0.80703125 0.56805555625 0.8015625 0.5694444437499999 0.790625 0.547222221875 0.7796875 0.5625 0.771875 0.5666666671875 0.75859375 0.56805555625 0.7546875 0.5722222218749999 0.72734375 0.5736111109375 0.72265625 0.56805555625 0.72578125 0.5625 0.72734375 0.5486111109375 0.734375 0.5375 0.7390625 0.5361111109375 0.725 0.534722221875 0.72421875 0.5333333328125 0.7140625 0.54305555625 0.7109375 0.5611111109375
2 0 0.7791666671875 0.01640625 0.7736111109375 0.0203125 0.777777778125 0.03359375 0.7736111109375 0.03828125 0.777777778125 0.06015625 0.777777778125 0.06796875 0.7819444437499999 0.09140625 0.7708333328125 0.0953125 0.7819444437499999 0.1078125 0.777777778125 0.17265625 0.7833333328125 0.17890625 0.7875 0.1796875 0.79444444375 0.175 0.8027777781250001 0.17734375 0.80694444375 0.17890625 0.797222221875 0.1890625 0.7819444437499999 0.2125 0.7819444437499999 0.21796875 0.7791666671875 0.2203125 0.772222221875 0.22578125 0.7819444437499999 0.25078125 0.7833333328125 0.41328125 0.7861111109375 0.4609375 0.7819444437499999 0.48671875 0.7861111109375 0.5015625 0.7819444437499999 0.5375 0.7861111109375 0.54609375 0.7819444437499999 0.54765625 0.7861111109375 0.56484375 0.790277778125 0.5953125 0.7819444437499999 0.625 0.784722221875 0.63828125 0.7708333328125 0.64453125 0.775 0.6421875 0.7791666671875 0.64609375 0.775 0.6578125 0.7861111109375 0.68125 0.7819444437499999 0.703125 0.784722221875 0.71875 0.772222221875 0.728125 0.7708333328125 0.7421875 0.7805555562500001 0.771875 0.784722221875 0.78828125 0.7819444437499999 0.79453125 0.7736111109375 0.80234375 0.775 0.803125 0.765277778125 0.80859375 0.7513888890625 0.80625 0.7430555562500001 0.78203125 0.7416666671875001 0.77109375 0.7458333328125 0.75703125 0.7402777781250001 0.75859375 0.727777778125 0.76640625 0.715277778125 0.7640625 0.70694444375 0.7578125 0.70694444375 0.75078125 0.715277778125 0.74921875 0.727777778125 0.74375 0.73194444375 0.74609375 0.7361111109375 0.74140625 0.7486111109375 0.73359375 0.7583333328124999 0.72421875 0.7569444437499999 0.71875 0.7513888890625 0.728125 0.747222221875 0.7234375 0.7388888890625 0.72421875 0.734722221875 0.71953125 0.7388888890625 0.72109375 0.74444444375 0.71328125 0.7430555562500001 0.70859375 0.7361111109375 0.703125 0.7375 0.70234375 0.734722221875 0.70546875 0.73194444375 0.70234375 0.73194444375 0.7015625 0.727777778125 0.70546875 0.7236111109375 0.703125 0.7194444437499999 0.70625 0.715277778125 0.6984375 0.70694444375 0.6875 0.7125 0.68203125 0.722222221875 0.671875 0.715277778125 0.66171875 0.734722221875 0.65703125 0.7375 0.64921875 0.73194444375 0.6390625 0.7416666671875001 0.6359375 0.7388888890625 0.63828125 0.7291666671875 0.63671875 0.7236111109375 0.64140625 0.715277778125 0.62890625 0.7138888890625 0.62578125 0.715277778125 0.62890625 0.7194444437499999 0.62734375 0.722222221875 0.615625 0.73055555625 0.61328125 0.7375 0.609375 0.7361111109375 0.6140625 0.73194444375 0.61171875 0.73055555625 0.59375 0.73194444375 0.5890625 0.7333333328125 0.584375 0.7430555562500001 0.575 0.7430555562500001 0.5640625 0.73055555625 0.56171875 0.75 0.55546875 0.752777778125 0.5578125 0.747222221875 0.55234375 0.75 0.54765625 0.7458333328125 0.55390625 0.73194444375 0.55390625 0.7208333328125 0.55625 0.7166666671875 0.55234375 0.7083333328125 0.54609375 0.7138888890625 0.5375 0.734722221875 0.52109375 0.7402777781250001 0.484375 0.7375 0.478125 0.7333333328125 0.46640625 0.7416666671875001 0.46640625 0.7361111109375 0.45703125 0.7361111109375 0.453125 0.7402777781250001 0.45234375 0.7486111109375 0.44921875 0.75 0.440625 0.7388888890625 0.43359375 0.7416666671875001 0.4296875 0.7375 0.425 0.727777778125 0.43125 0.715277778125 0.42734375 0.70555555625 0.41953125 0.70555555625 0.4109375 0.715277778125 0.3921875 0.715277778125 0.39453125 0.7208333328125 0.38828125 0.7263888890625 0.3796875 0.725 0.38046875 0.7194444437499999 0.37734375 0.715277778125 0.37578125 0.7180555562500001 0.37890625 0.7194444437499999 0.3734375 0.7263888890625 0.36484375 0.7194444437499999 0.35703125 0.7263888890625 0.35625 0.7208333328125 0.3609375 0.7166666671875 0.35 0.7138888890625 0.3453125 0.715277778125 0.3421875 0.7263888890625 0.3296875 0.7291666671875 0.3265625 0.734722221875 0.31796875 0.7333333328125 0.31796875 0.727777778125 0.31328125 0.7291666671875 0.3109375 0.734722221875 0.3125 0.7597222218749999 0.309375 0.7666666671875 0.30625 0.7611111109375 0.309375 0.7486111109375 0.30546875 0.7430555562500001 0.3078125 0.7388888890625 0.29609375 0.7361111109375 0.30078125 0.73055555625 0.29609375 0.73055555625 0.29453125 0.734722221875 0.2890625 0.73055555625 0.2859375 0.725 0.29140625 0.7236111109375 0.2890625 0.7166666671875 0.284375 0.70694444375 0.278125 0.702777778125 0.2640625 0.7180555562500001 0.2515625 0.715277778125 0.25390625 0.7194444437499999 0.24140625 0.734722221875 0.24140625 0.75555555625 0.234375 0.7583333328124999 0.23125 0.765277778125 0.22578125 0.7597222218749999 0.228125 0.75555555625 0.22578125 0.752777778125 0.228125 0.747222221875 0.22578125 0.7430555562500001 0.228125 0.7388888890625 0.221875 0.73055555625 0.21875 0.73194444375 0.21640625 0.7416666671875001 0.21015625 0.734722221875 0.2125 0.73194444375 0.2078125 0.7333333328125 0.2015625 0.7263888890625 0.18515625 0.7333333328125 0.1734375 0.722222221875 0.16953125 0.7263888890625 0.16484375 0.7083333328125 0.16015625 0.7013888890625 0.1546875 0.7041666671875 0.14609375 0.7208333328125 0.1390625 0.7263888890625 0.1328125 0.722222221875 0.125 0.7236111109375 0.12265625 0.7333333328125 0.1171875 0.73055555625 0.1203125 0.734722221875 0.1109375 0.74444444375 0.1078125 0.734722221875 0.10078125 0.727777778125 0.1046875 0.7236111109375 0.103125 0.722222221875 0.0953125 0.722222221875 0.09296875 0.7416666671875001 0.0875 0.74444444375 0.08828125 0.7388888890625 0.084375 0.727777778125 0.06953125 0.722222221875 0.06484375 0.715277778125 0.05234375 0.7166666671875 0.04765625 0.7013888890625 0.04296875 0.7013888890625 0.03203125 0.7208333328125 0.028125 0.7388888890625 0.01484375 0.7583333328124999 0 0.772222221875 0 0.7791666671875
1 0.165625 0.12222222187500001 0.1703125 0.11944444375 0.1640625 0.1166666671875 0.16171875 0.1166666671875 0.16171875 0.1208333328125 0.165625 0.12222222187500001
1 0.70078125 0.5388888890625 0.72421875 0.5361111109375 0.73046875 0.540277778125 0.7640625 0.5361111109375 0.7828125 0.54305555625 0.81484375 0.5361111109375 0.778125 0.5305555562500001 0.69296875 0.5305555562500001 0.6921875 0.5305555562500001 0.67734375 0.534722221875 0.70078125 0.5388888890625