1 0.99921875 0.515277778125 0.9859375 0.5069444437499999 0.9625 0.5041666671875 0.234375 0.5138888890625 0.23515625 0.527777778125 0.240625 0.5291666671875 0.99921875 0.5208333328125 0.99921875 0.515277778125
1 0 0.5291666671875 0.13515625 0.5291666671875 0.14609375 0.525 0.1390625 0.5125 0 0.5125 0 0.5291666671875
1 0.99921875 0.602777778125 0.353125 0.6083333328125 0.346875 0.6125 0.38515625 0.6166666671875001 0.99609375 0.6125 0.99921875 0.6111111109375 0.99921875 0.602777778125
1 0 0.6152777781250001 0.21171875 0.6138888890625 0.01796875 0.6083333328125 0 0.6083333328125 0 0.6152777781250001
1 0.32578125 0.609722221875 0.22265625 0.6125 0.22734375 0.6166666671875001 0.2859375 0.6180555562500001 0.3390625 0.6138888890625 0.32578125 0.609722221875
1 0.25625 0.6944444437499999 0.16484375 0.69305555625 0.15625 0.6861111109375 0.15390625 0.672222221875 0.1304109375 0.6916666671875 0.01171875 0.69305555625 0.01171875 0.6972222218749999 0.14921875 0.7013888890625 0.25859375 0.6986111109375 0.25625 0.6944444437499999
1 0.99921875 0.6875 0.8765625 0.6888888890625 0.87578125 0.69305555625 0.88203125 0.6944444437499999 0.99921875 0.6944444437499999 0.99921875 0.6875
1 0.6234375 0.6916666671875 0.621875 0.6958333328124999 0.6265625 0.6986111109375 0.8390625 0.69305555625 0.6234375 0.6916666671875
1 0.52578125 0.6916666671875 0.51796875 0.6958333328124999 0.57265625 0.6972222218749999 0.57734375 0.69305555625 0.52578125 0.6916666671875
1 0 0.7791666671875 0.2875 0.7861111109375 0.49140625 0.7819444437499999 0.4828125 0.775 0.1578125 0.7708333328125 0 0.7736111109375 0 0.7791666671875
1 0.99921875 0.76805555625 0.9859375 0.7666666671875 0.89140625 0.76805555625 0.890625 0.775 0.9 0.777777778125 0.99921875 0.775 0.99921875 0.76805555625
1 0.7953125 0.76805555625 0.75234375 0.76805555625 0.7484375 0.775 0.75078125 0.777777778125 0.81171875 0.775 0.7953125 0.76805555625
1 0.490625 0.859722221875 0.43984375 0.85694444375 0.003125 0.8541666671874999 0 0.859722221875 0.05625 0.8638888890624999 0.4921875 0.8638888890624999 0.490625 0.859722221875
1 0.99921875 0.85 0.9234375 0.852777778125 0.92265625 0.85694444375 0.9265625 0.859722221875 0.99921875 0.85694444375 0.99921875 0.85
1 0.34296875 0.9375 0.165625 0.940277778125 0.1578125 0.9305555562500001 0.09140625 0.9388888890624999 0.003125 0.9375 0.00625 0.94305555625 0.1546875 0.9458333328125 0.35 0.94305555625 0.34296875 0.9375
1 0.97734375 0.934722221875 0.97421875 0.9388888890624999 0.98671875 0.9388888890624999 0.98671875 0.934722221875 0.97734375 0.934722221875
3 0.94609375 0.4583333328125 0.9546875 0.4583333328125 0.95703125 0.45 0.97421875 0.43055555625 0.99921875 0.43055555625 0.99921875 0.3291666671875 0.95390625 0.3361111109375 0.93046875 0.3625 0.9296875 0.39305555625 0.93515625 0.41944444374999995 0.93203125 0.4361111109375 0.94609375 0.4583333328125
2 0.3359375 0.6972222218749999 0.3484375 0.6805555562500001 0.34375 0.6555555562500001 0.3265625 0.6388888890625 0.32890625 0.63055555625 0.3265625 0.6180555562500001 0.2859375 0.6263888890625 0.278125 0.64444444375 0.28125 0.6611111109375 0.2671875 0.672222221875 0.2671875 0.69305555625 0.27890625 0.7013888890625 0.32109375 0.6944444437499999 0.3359375 0.6972222218749999
2 0.384375 0.7 0.4453125 0.6972222218749999 0.45703125 0.675 0.446875 0.6555555562500001 0.42265625 0.6569444437499999 0.40703125 0.6388888890625 0.40390625 0.625 0.39921875 0.6236111109375 0.390625 0.6347222218749999 0.37578125 0.6763888890625 0.3671875 0.6888888890625 0.36875 0.69305555625 0.384375 0.7
2 0.4859375 0.6875 0.5078125 0.622222221875 0.50390625 0.6180555562500001 0.49375 0.622222221875 0.490625 0.6458333328125 0.47578125 0.6888888890625 0.478125 0.6916666671875 0.4859375 0.6875
1 0.6125 0.7736111109375 0.59296875 0.7791666671875 0.675 0.777777778125 0.6734375 0.7736111109375 0.6125 0.7736111109375
1 0.5390625 0.7819444437499999 0.58984375 0.7791666671875 0.53671875 0.777777778125 0.5390625 0.7819444437499999
0 0.8109375 0.9402763890625 0.8171875 0.89583194375 0.8140625 0.886109721875 0.81015625 0.886109721875 0.78671875 0.923609721875 0.771875 0.9333319437500001 0.7625 0.929165278125 0.74140625 0.9472208328124999 0.6046875 0.9652763890625 0.58515625 0.9194430562499999 0.58125 0.923609721875 0.58203125 0.9444430562499999 0.60859375 0.9958319437500001 0.79609375 0.9958319437500001 0.8109375 0.9402763890625