1 0.57578125 0.525 0.5828125 0.51944444375 0.61875 0.51944444375 0.6265625 0.525 0.99921875 0.5208333328125 0.99921875 0.50555555625 0.946875 0.5041666671875 0.8875 0.5097222218749999 0.575 0.5083333328124999 0.4953125 0.5125 0.509375 0.525 0.57578125 0.525
1 0 0.525 0.24609375 0.527777778125 0.26640625 0.51944444375 0.2875 0.51944444375 0.3046875 0.5263888890625 0.4390625 0.5263888890625 0.45703125 0.51805555625 0.48046875 0.5166666671875 0.47421875 0.5111111109375 0.30234375 0.5111111109375 0 0.5125 0 0.525
1 0 0.6138888890625 0.29609375 0.6166666671875001 0.99921875 0.6111111109375 0.99921875 0.6013888890625 0.51640625 0.6 0.2875 0.6083333328125 0.009375 0.60555555625 0 0.60694444375 0 0.6138888890625
1 0 0.6972222218749999 0.28984375 0.6958333328124999 0.265625 0.6916666671875 0 0.6916666671875 0 0.6972222218749999
1 0.67109375 0.6958333328124999 0.840625 0.6916666671875 0.8359375 0.6875 0.646875 0.690277778125 0.64453125 0.69305555625 0.67109375 0.6958333328124999
1 0.93125 0.6944444437499999 0.99921875 0.69305555625 0.99921875 0.6875 0.91484375 0.6875 0.915625 0.6916666671875 0.93125 0.6944444437499999
1 0.4546875 0.6972222218749999 0.47890625 0.69305555625 0.47421875 0.690277778125 0.41171875 0.6944444437499999 0.4546875 0.6972222218749999
1 0 0.7791666671875 0.13984375 0.7805555562500001 0.1578125 0.8013888890624999 0.16588515625 0.7805555562500001 0.2875 0.7805555562500001 0.30390625 0.7763888890625 0.259375 0.772222221875 0.02421875 0.772222221875 0 0.7736111109375 0 0.7791666671875
1 0.68125 0.7791666671875 0.99921875 0.7763888890625 0.99921875 0.76805555625 0.67734375 0.772222221875 0.67578125 0.775 0.68125 0.7791666671875
1 0.00703125 0.8625 0.17421875 0.8652777781250001 0.26171875 0.8611111109375 0.20859375 0.85555555625 0.00390625 0.852777778125 0 0.8583333328125 0.00703125 0.8625
1 0.7203125 0.8736111109375001 0.8625 0.8736111109375001 0.8703125 0.872222221875 0.87734375 0.8638888890624999 0.88984375 0.8625 0.9294273437499999 0.8625 0.96328125 0.872222221875 0.97109375 0.8625 0.99921875 0.8625 0.99921875 0.8513888890624999 0.703125 0.85694444375 0.71171875 0.872222221875 0.7203125 0.8736111109375001
1 0.0046875 0.94305555625 0.13828125 0.94305555625 0.13828125 0.9236111109375 0.12890625 0.9208333328125 0.1265625 0.9111111109375001 0.11640625 0.9083333328125001 0.01640625 0.9055555562500001 0.00859375 0.9069444437499999 0.00390625 0.9138888890624999 0 0.9361111109375001 0.0046875 0.94305555625
1 0.38984375 0.9125 0.38984375 0.9166666671874999 0.42265625 0.9986111109375001 0.546875 0.9986111109375001 0.546875 0.9708333328125001 0.55859375 0.9625 0.56796875 0.9638888890624999 0.57265625 0.9513888890625 0.5765625 0.8916666671875 0.571875 0.8638888890624999 0.56328125 0.85694444375 0.55703125 0.8430555562500001 0.53671875 0.83194444375 0.52890625 0.80694444375 0.50703125 0.8222222218749999 0.496875 0.8194444437499999 0.48359375 0.827777778125 0.45625 0.8708333328125001 0.44765625 0.877777778125 0.40859375 0.88055555625 0.4015625 0.9041666671874999 0.38984375 0.9125
1 0.32421875 0.9986111109375001 0.35859375 0.9986111109375001 0.3578125 0.98055555625 0.34765625 0.9375 0.340625 0.975 0.32421875 0.9986111109375001
1 0.49375 0.8208333328125 0.4828125 0.8291666671875 0.45546875 0.872222221875 0.45 0.8763888890624999 0.4359375 0.8819444437499999 0.41015625 0.8791666671874999 0.40234375 0.902777778125 0.39609375 0.9125 0.38984375 0.9125 0.38984375 0.9166666671874999 0.41015625 0.972222221875 0.42265625 0.9986111109375001 0.546875 0.9986111109375001 0.546875 0.9694444437499999 0.5515625 0.9625 0.56875 0.9625 0.57265625 0.9513888890625 0.5734375 0.8986111109375001 0.5765625 0.8916666671875 0.57265625 0.88055555625 0.571875 0.8638888890624999 0.56171875 0.85555555625 0.55625 0.8430555562500001 0.5390625 0.8361111109375001 0.5296875 0.8083333328125001 0.525 0.8083333328125001 0.51328125 0.8194444437499999 0.49375 0.8208333328125
1 0.33984375 0.977777778125 0.325 0.9986111109375001 0.359375 0.9986111109375001 0.34921875 0.934722221875 0.34921875 0.93194444375 0.34296875 0.9541666671875 0.33984375 0.977777778125
1 0.94609375 0.33888888906250003 0.9375 0.3513888890625 0.9359375 0.4125 0.93046875 0.434722221875 0.9390625 0.4583333328125 0.9671875 0.4625 0.971875 0.46666666718750005 0.97890625 0.4583333328125 0.97578125 0.45555555625000005 0.97890625 0.4513888890625 0.97578125 0.447222221875 0.9796875 0.44305555625000004 0.97734375 0.4375 0.98515625 0.4375 0.98359375 0.44305555625000004 0.98671875 0.44444444375 0.98671875 0.4375 0.99921875 0.4361111109375 0.99921875 0.35972222187499997 0.99140625 0.352777778125 0.99453125 0.35 0.9921875 0.3458333328125 0.9921875 0.3333333328125 0.98671875 0.3291666671875 0.984375 0.3291666671875 0.959375 0.33194444375 0.94609375 0.33888888906250003
2 0.27890625 0.64444444375 0.2890625 0.6291666671875 0.29453125 0.627777778125 0.29453125 0.622222221875 0.29140625 0.622222221875 0.290625 0.6208333328125 0.28203125 0.6319444437499999 0.27890625 0.64444444375
0 0.496875 0.8194444437499999 0.48359375 0.827777778125 0.47265625 0.847222221875 0.46484375 0.852777778125 0.45625 0.8708333328125001 0.44765625 0.877777778125 0.44296875 0.8763888890624999 0.4359375 0.8819444437499999 0.41171875 0.877777778125 0.40859375 0.88055555625 0.4015625 0.9041666671874999 0.39609375 0.9125 0.38984375 0.9125 0.38984375 0.9166666671874999 0.42265625 0.9986111109375001 0.546875 0.9986111109375001 0.546875 0.9708333328125001 0.5515625 0.9625 0.56796875 0.9638888890624999 0.57265625 0.9513888890625 0.5734375 0.9 0.5765625 0.8916666671875 0.57265625 0.88055555625 0.571875 0.8638888890624999 0.56328125 0.85694444375 0.55703125 0.8430555562500001 0.5390625 0.8361111109375001 0.52890625 0.80694444375 0.528125 0.80694444375 0.5125 0.8194444437499999 0.496875 0.8194444437499999
0 0.340625 0.9763888890624999 0.325 0.9986111109375001 0.359375 0.9986111109375001 0.34921875 0.934722221875 0.34921875 0.93194444375 0.34296875 0.9541666671875 0.340625 0.9763888890624999
1 0.94609375 0.33888888906250003 0.93671875 0.352777778125 0.9359375 0.41111111093749997 0.93046875 0.434722221875 0.9390625 0.4583333328125 0.9671875 0.46388888906250003 0.9703125 0.46805555625000006 0.978125 0.46666666718750005 0.978125 0.4611111109375 0.98203125 0.4625 0.98203125 0.45555555625000005 0.98359375 0.459722221875 0.98828125 0.4583333328125 0.98828125 0.45 0.99453125 0.44305555625000004 0.99296875 0.4375 0.99921875 0.4361111109375 0.99921875 0.35694444375 0.99453125 0.3458333328125 0.99609375 0.34027777812500004 0.98671875 0.3291666671875 0.9828125 0.3291666671875 0.95390625 0.334722221875 0.94609375 0.33888888906250003
3 0.94453125 0.34027777812500004 0.93671875 0.352777778125 0.93515625 0.3875 0.9328125 0.3916666671875 0.9328125 0.40277777812500004 0.9359375 0.41111111093749997 0.93125 0.42222222187499997 0.93046875 0.434722221875 0.93671875 0.45 0.93671875 0.45694444375 0.94609375 0.4625 0.94609375 0.48194444374999995 0.9515625 0.48194444374999995 0.95546875 0.46805555625000006 0.96640625 0.46944444374999994 0.96875 0.48194444374999995 0.97890625 0.48194444374999995 0.9875 0.47361111093749997 0.9890625 0.46666666718750005 0.99609375 0.46527777812500004 0.9953125 0.45416666718750004 0.99921875 0.4513888890625 0.99921875 0.34722222187499996 0.99609375 0.34444444375 0.99921875 0.33888888906250003 0.9859375 0.3291666671875 0.984375 0.3291666671875 0.95390625 0.334722221875 0.94453125 0.34027777812500004
1 0.93671875 0.352777778125 0.93515625 0.4125 0.93046875 0.4361111109375 0.9359375 0.45 0.9375 0.46666666718750005 0.946875 0.475 0.959375 0.47361111093749997 0.9703125 0.48055555625 0.9796875 0.475 0.99375 0.4763888890625 0.99453125 0.47083333281249995 0.99921875 0.46666666718750005 0.99921875 0.34861111093749997 0.99609375 0.3458333328125 0.9953125 0.3333333328125 0.9734375 0.3291666671875 0.96953125 0.3291666671875 0.946875 0.33888888906250003 0.93671875 0.352777778125