1 0 0.51944444375 0.0171875 0.527777778125 0.103125 0.527777778125 0.1109375 0.522222221875 0.1234375 0.522222221875 0.1265625 0.5263888890625 0.13984375 0.5236111109375 0.1421875 0.527777778125 0.15078125 0.5208333328125 0.17265625 0.527777778125 0.28359375 0.527777778125 0.29921875 0.5263888890625 0.30625 0.5208333328125 0.31171875 0.525 0.3296875 0.5263888890625 0.4015625 0.525 0.40625 0.51805555625 0.41171875 0.5166666671875 0.43984375 0.51805555625 0.45703125 0.5138888890625 0.3578125 0.5111111109375 0.35625 0.5111111109375 0.3453125 0.5166666671875 0.3359375 0.5125 0.3140625 0.5125 0.31015625 0.51944444375 0.29921875 0.5125 0 0.5125 0 0.51944444375
1 0.61328125 0.5097222218749999 0.5984375 0.5208333328125 0.99921875 0.5208333328125 0.99921875 0.50555555625 0.92421875 0.50555555625 0.91875 0.50555555625 0.88828125 0.5125 0.88359375 0.5083333328124999 0.6359375 0.5083333328124999 0.61328125 0.5097222218749999
1 0.4859375 0.5236111109375 0.49296875 0.525 0.50390625 0.51944444375 0.5109375 0.5208333328125 0.5171875 0.515277778125 0.53046875 0.515277778125 0.5375 0.5236111109375 0.55390625 0.525 0.5703125 0.5166666671875 0.58046875 0.51805555625 0.5890625 0.5138888890625 0.58515625 0.5097222218749999 0.5390625 0.5097222218749999 0.5350328125 0.5097222218749999 0.4625 0.5097222218749999 0.459375 0.5138888890625 0.48203125 0.5166666671875 0.4859375 0.5236111109375
1 0 0.6152777781250001 0.32109375 0.6166666671875001 0.3640625 0.6111111109375 0.37734375 0.6152777781250001 0.98671875 0.6125 0.99921875 0.6111111109375 0.99921875 0.602777778125 0.99510390625 0.602777778125 0.509375 0.6041666671875 0.3734375 0.609722221875 0 0.6083333328125 0 0.6152777781250001
1 0 0.6972222218749999 0.284375 0.6972222218749999 0.2890625 0.69305555625 0.00234375 0.690277778125 0 0.690277778125 0 0.6972222218749999
1 0.64140625 0.69305555625 0.85546875 0.69305555625 0.85859375 0.6888888890625 0.753125 0.6861111109375 0.75078125 0.6861111109375 0.74375 0.6916666671875 0.7203125 0.6875 0.65625 0.6875 0.64140625 0.69305555625
1 0.4375 0.69305555625 0.43515625 0.6888888890625 0.42890625 0.6888888890625 0.4249078125 0.6888888890625 0.3609375 0.6888888890625 0.353125 0.69305555625 0.4109375 0.6972222218749999 0.4375 0.69305555625
1 0.92578125 0.6861111109375 0.921875 0.6861111109375 0.91015625 0.690277778125 0.99921875 0.6916666671875 0.99921875 0.6861111109375 0.92578125 0.6861111109375
1 0.71171875 0.777777778125 0.99921875 0.775 0.99921875 0.76805555625 0.7484375 0.7666666671875 0.74375 0.7666666671875 0.72578125 0.7708333328125 0.6828125 0.76805555625 0.67265625 0.7736111109375 0.71171875 0.777777778125
1 0 0.7791666671875 0.3109375 0.7791666671875 0.3171875 0.775 0.10390625 0.772222221875 0.10234375 0.772222221875 0 0.7736111109375 0 0.7791666671875
1 0.13046875 0.8638888890624999 0.26953125 0.8611111109375 0.26328125 0.85555555625 0.0140625 0.8541666671874999 0.01015625 0.8541666671874999 0.00234375 0.8541666671874999 0 0.8583333328125 0.02578125 0.8625 0.13046875 0.8638888890624999
1 0.99921875 0.852777778125 0.98671875 0.852777778125 0.9859375 0.8513888890624999 0.7 0.8583333328125 0.83125 0.8611111109375 0.99921875 0.85694444375 0.99921875 0.852777778125
1 0.55859375 0.6888888890625 0.5484375 0.6916666671875 0.5796875 0.69305555625 0.5625 0.6888888890625 0.55859375 0.6888888890625
1 0.14609375 0.9388888890624999 0.13359375 0.9375 0.01015625 0.9361111109375001 0.0078125 0.9361111109375001 0 0.9388888890624999 0.00859375 0.94305555625 0.146875 0.94305555625 0.14609375 0.9388888890624999
1 0.99921875 0.9333333328125001 0.9359375 0.9333333328125001 0.93046875 0.9333333328125001 0.72734375 0.9375 0.72578125 0.9416666671874999 0.99921875 0.9388888890624999 0.99921875 0.9333333328125001
0 0.48984375 0.8708333328125001 0.47734375 0.8763888890624999 0.4734375 0.8875 0.4671875 0.89444444375 0.446875 0.9013888890624999 0.41953125 0.9013888890624999 0.41015625 0.9291666671875 0.39765625 0.93194444375 0.4203125 0.9986111109375001 0.540625 0.9986111109375001 0.540625 0.9861111109375 0.53671875 0.9791666671874999 0.53671875 0.965277778125 0.5375 0.9541666671875 0.54375 0.94305555625 0.5421875 0.9333333328125001 0.54453125 0.9291666671875 0.55 0.9305555562500001 0.54765625 0.934722221875 0.54921875 0.9388888890624999 0.5453125 0.94305555625 0.54921875 0.9472222218749999 0.5484375 0.9513888890625 0.5578125 0.952777778125 0.55859375 0.95694444375 0.55625 0.9583333328125001 0.5640625 0.9680555562500001 0.5765625 0.9486111109375001 0.57734375 0.9375 0.58125 0.9277777781250001 0.58125 0.8958333328125001 0.56484375 0.875 0.54765625 0.8791666671874999 0.5453125 0.8416666671874999 0.54140625 0.8361111109375001 0.53984375 0.8361111109375001 0.521875 0.8541666671874999 0.503125 0.8486111109375001 0.49296875 0.859722221875 0.48984375 0.8708333328125001
0 0.33828125 0.9986111109375001 0.36484375 0.9986111109375001 0.35703125 0.9361111109375001 0.35703125 0.93194444375 0.34921875 0.9625 0.34921875 0.975 0.3375 0.99444444375 0.33828125 0.9986111109375001
3 0.93671875 0.3875 0.934375 0.3916666671875 0.93671875 0.41944444374999995 0.93125 0.434722221875 0.93671875 0.440277778125 0.9390625 0.45277777812500003 0.95078125 0.4611111109375 0.96640625 0.45 0.96640625 0.4458333328125 0.9625 0.44305555625000004 0.96953125 0.434722221875 0.99921875 0.434722221875 0.99921875 0.3513888890625 0.996875 0.35 0.99921875 0.33055555625 0.9951171875 0.33055555625 0.9609375 0.33194444375 0.94609375 0.34027777812500004 0.93671875 0.352777778125 0.93671875 0.3875
2 0.2953125 0.652777778125 0.2984375 0.6361111109375 0.3109375 0.63055555625 0.2984375 0.6291666671875 0.29375 0.622222221875 0.2890625 0.622222221875 0.27890625 0.640277778125 0.27890625 0.6458333328125 0.28671875 0.6625 0.2953125 0.652777778125