1 0 0.527777778125 0.9953125 0.522222221875 0.99921875 0.5208333328125 0.99921875 0.50555555625 0.00390625 0.5138888890625 0 0.515277778125 0 0.527777778125
1 0.40546875 0.6166666671875001 0.7265625 0.609722221875 0.7140625 0.60555555625 0.003125 0.609722221875 0 0.6138888890625 0.40546875 0.6166666671875001
1 0.7359375 0.6125 0.99921875 0.6111111109375 0.99921875 0.602777778125 0.73359375 0.60694444375 0.73125 0.609722221875 0.7359375 0.6125
1 0.26484375 0.6972222218749999 0.26328125 0.69305555625 0.11015625 0.69305555625 0.10625 0.6958333328124999 0.26484375 0.6972222218749999
1 0 0.6972222218749999 0.04140625 0.6958333328124999 0.03671875 0.6916666671875 0 0.6916666671875 0 0.6972222218749999
1 0.1046875 0.6944444437499999 0.0609375 0.69305555625 0.06171875 0.6972222218749999 0.1046875 0.6944444437499999
1 0.9046875 0.6944444437499999 0.9890625 0.69305555625 0.99296875 0.6888888890625 0.57890625 0.690277778125 0.57578125 0.69305555625 0.9046875 0.6944444437499999
1 0 0.7791666671875 0.378125 0.7833333328125 0.51953125 0.7791666671875 0.52421875 0.775 0.23129609375000001 0.775 0.1421875 0.76805555625 0.12890625 0.775 0 0.7708333328125 0 0.7791666671875
1 0.58515625 0.7791666671875 0.6890625 0.775 0.68515625 0.7708333328125 0.6 0.772222221875 0.59140625 0.7666666671875 0.5796875 0.772222221875 0.5796875 0.777777778125 0.58515625 0.7791666671875
1 0.80546875 0.777777778125 0.87109375 0.775 0.87109375 0.7708333328125 0.85859375 0.7666666671875 0.796875 0.76944444375 0.79765625 0.7763888890625 0.80546875 0.777777778125
1 0.99921875 0.775 0.99921875 0.7666666671875 0.93046875 0.76944444375 0.934375 0.775 0.99921875 0.775
1 0 0.859722221875 0.046875 0.8652777781250001 0.240625 0.8666666671875 0.44609375 0.8666666671875 0.47578125 0.8611111109375 0.19140625 0.8583333328125 0.1578125 0.847222221875 0.12806718749999998 0.85555555625 0.00546875 0.852777778125 0 0.8541666671874999 0 0.859722221875
1 0.99921875 0.859722221875 0.99921875 0.8513888890624999 0.99609375 0.85 0.97109375 0.8513888890624999 0.97109375 0.8583333328125 0.99921875 0.859722221875
1 0.0125 0.9444444437499999 0.135875 0.9444444437499999 0.15 0.95 0.38984375 0.9444444437499999 0.37265625 0.940277778125 0.180859375 0.9388888890624999 0.15859375 0.9277777781250001 0.13973984374999998 0.9375 0.00546875 0.9375 0.00546875 0.94305555625 0.0125 0.9444444437499999
1 0.1484375 0.8819444437499999 0.146875 0.94305555625 0.14921875 0.9986111109375001 0.153125 0.9986111109375001 0.1578125 0.9277777781250001 0.15546875 0.9263888890624999 0.15234375 0.8819444437499999 0.15625 0.85555555625 0.15390625 0.8458333328125001 0.1484375 0.8486111109375001 0.14453125 0.8583333328125 0.1484375 0.8819444437499999
1 0.15078125 0.7708333328125 0.15703125 0.752777778125 0.159375 0.7083333328125 0.1578125 0.7 0.15 0.7 0.1484375 0.7638888890625 0.15078125 0.7708333328125
2 0.275 0.6986111109375 0.36171875 0.69305555625 0.33359375 0.622222221875 0.32734375 0.6152777781250001 0.30390625 0.627777778125 0.29296875 0.622222221875 0.28515625 0.625 0.27890625 0.6361111109375 0.278125 0.65 0.2671875 0.66944444375 0.2671875 0.6888888890625 0.275 0.6986111109375
2 0.36875 0.6541666671875 0.36015625 0.6611111109375 0.36015625 0.66944444375 0.36796875 0.6708333328125 0.3640625 0.6888888890625 0.36640625 0.69305555625 0.44453125 0.6958333328124999 0.45234375 0.690277778125 0.4609375 0.66944444375 0.45390625 0.6541666671875 0.41953125 0.6263888890625 0.39609375 0.622222221875 0.3828125 0.6541666671875 0.36875 0.6541666671875
2 0.478125 0.7013930562499999 0.48671875 0.7000041671874999 0.49609375 0.6875041671875 0.49921875 0.6694486109375 0.49375 0.65139305625 0.50078125 0.6291708328125 0.49921875 0.6222263890625 0.49375 0.6208375 0.484375 0.6291708328125 0.46953125 0.6791708328125 0.46875 0.6958375 0.478125 0.7013930562499999
3 0.9328125 0.425 0.93125 0.43333333281249997 0.9390625 0.45 0.94765625 0.4513888890625 0.953125 0.44166666718750003 0.97734375 0.427777778125 0.99921875 0.425 0.99921875 0.33055555625 0.971875 0.33055555625 0.95 0.3375 0.93828125 0.34722222187499996 0.9265625 0.36944444375 0.92578125 0.3888888890625 0.9328125 0.425
0 0.834375 0.9388888890624999 0.80703125 0.9361111109375001 0.790625 0.9541666671875 0.77734375 0.952777778125 0.76015625 0.9638888890624999 0.72578125 0.9625 0.70703125 0.9541666671875 0.6953125 0.965277778125 0.68359375 0.9694444437499999 0.6734375 0.984722221875 0.6671875 0.9833333328125 0.6640625 0.9736111109375001 0.65546875 0.9708333328125001 0.63203125 0.9291666671875 0.6265625 0.9111111109375001 0.6234375 0.922222221875 0.6234375 0.9361111109375001 0.62890625 0.9513888890625 0.6546875 0.9986111109375001 0.84609375 0.9986111109375001 0.86796875 0.9305555562500001 0.87265625 0.9055555562500001 0.86953125 0.890277778125 0.8671875 0.890277778125 0.8421875 0.9333333328125001 0.834375 0.9388888890624999