1 0.16484375 0.525 0.3609375 0.5291666671875 0.99921875 0.5208333328125 0.99921875 0.50555555625 0.90546875 0.50555555625 0.89921875 0.50555555625 0.3578125 0.515277778125 0.18046875 0.5125 0.17265625 0.5138888890625 0.16484375 0.525
1 0 0.5208333328125 0.0078125 0.527777778125 0.03515625 0.5236111109375 0.0390625 0.527777778125 0.128125 0.5291666671875 0.13828125 0.525 0.11171875 0.522222221875 0.10078125 0.5125 0.0140625 0.5111111109375 0.009375 0.5111111109375 0 0.5125 0 0.5208333328125
1 0.52734375 0.6125 0.634375 0.6152777781250001 0.66484375 0.6111111109375 0.659375 0.60694444375 0.5453125 0.60555555625 0.540625 0.60555555625 0.2671875 0.6083333328125 0.23515625 0.6138888890625 0.33359375 0.6180555562500001 0.52734375 0.6125
1 0.99921875 0.6111111109375 0.99921875 0.602777778125 0.96796875 0.6013888890625 0.9630210937499999 0.6013888890625 0.75859375 0.6041666671875 0.7484375 0.60694444375 0.7484375 0.6111111109375 0.99921875 0.6111111109375
1 0 0.6138888890625 0.00234375 0.6152777781250001 0.15390625 0.6166666671875001 0.17734375 0.6111111109375 0.00234375 0.60694444375 0 0.60694444375 0 0.6138888890625
1 0.2 0.7833333328125 0.30859375 0.7805555562500001 0.16171875 0.7736111109375 0.15859375 0.7708333328125 0.1578125 0.7625 0.15078125 0.7625 0.15 0.7625 0.146875 0.772222221875 0.003125 0.7736111109375 0 0.777777778125 0.2 0.7833333328125
1 0.45546875 0.784722221875 0.5046875 0.7763888890625 0.4859375 0.772222221875 0.4818359375 0.772222221875 0.36015625 0.7791666671875 0.3625 0.7833333328125 0.3953125 0.7861111109375 0.45546875 0.784722221875
1 0.99921875 0.7736111109375 0.99921875 0.76944444375 0.99527890625 0.76944444375 0.6734375 0.775 0.8359375 0.777777778125 0.9921875 0.775 0.99921875 0.7736111109375
1 0 0.6986111109375 0.196875 0.6986111109375 0.19296875 0.6944444437499999 0.1328125 0.6916666671875 0.12890625 0.6916666671875 0 0.6916666671875 0 0.6986111109375
1 0.60703125 0.6944444437499999 0.61875 0.6986111109375 0.68984375 0.6986111109375 0.81328125 0.69305555625 0.809375 0.6888888890625 0.80234375 0.6888888890625 0.5 0.6916666671875 0.4984375 0.6958333328124999 0.5796875 0.6986111109375 0.60703125 0.6944444437499999
1 0.4640625 0.6916666671875 0.45859375 0.6958333328124999 0.45390625 0.6916666671875 0.44953125 0.6916666671875 0.42265625 0.6958333328124999 0.43359375 0.6986111109375 0.4796875 0.6944444437499999 0.4640625 0.6916666671875
1 0.99921875 0.69305555625 0.99921875 0.6861111109375 0.97890625 0.6861111109375 0.978125 0.6861111109375 0.91875 0.6888888890625 0.921875 0.69305555625 0.93359375 0.6944444437499999 0.99921875 0.69305555625
1 0 0.859722221875 0.05078125 0.8652777781250001 0.28203125 0.8652777781250001 0.290625 0.8611111109375 0.26328125 0.85555555625 0.0328125 0.85555555625 0.009375 0.8541666671874999 0.0015625 0.847222221875 0 0.847222221875 0.00234375 0.852777778125 0 0.8541666671874999 0 0.859722221875
1 0.99921875 0.8513888890624999 0.92421875 0.8513888890624999 0.9234375 0.8513888890624999 0.70390625 0.85694444375 0.70703125 0.8611111109375 0.99921875 0.8583333328125 0.99921875 0.8513888890624999
1 0.1375 0.9388888890624999 0.05078125 0.9375 0.04681015625 0.9375 0.00234375 0.9388888890624999 0.01328125 0.94305555625 0.1515625 0.94305555625 0.1375 0.9388888890624999
1 0.99296875 0.940277778125 0.99921875 0.9388888890624999 0.99921875 0.9333333328125001 0.9949656250000001 0.9333333328125001 0.73125 0.9388888890624999 0.7328125 0.94305555625 0.9 0.94305555625 0.99296875 0.940277778125
0 0.4671875 0.925 0.446875 0.9333333328125001 0.4265625 0.9333333328125001 0.42265625 0.9388888890624999 0.41875 0.959722221875 0.4125 0.965277778125 0.39921875 0.9611111109375001 0.3984375 0.9708333328125001 0.41015625 0.9986111109375001 0.54765625 0.9986111109375001 0.546875 0.95555555625 0.54921875 0.9375 0.55234375 0.9333333328125001 0.55859375 0.9375 0.559375 0.9541666671875 0.56796875 0.9708333328125001 0.5734375 0.9666666671874999 0.58046875 0.95 0.58515625 0.925 0.58515625 0.915277778125 0.5796875 0.9013888890624999 0.575 0.9013888890624999 0.565625 0.8916666671875 0.56015625 0.89444444375 0.55390625 0.8847222218749999 0.55234375 0.8458333328125001 0.5515625 0.8458333328125001 0.5328125 0.8666666671875 0.515625 0.8652777781250001 0.51015625 0.86944444375 0.4671875 0.925
0 0.35703125 0.98194444375 0.35546875 0.9986111109375001 0.36328125 0.9986111109375001 0.359375 0.98194444375 0.35703125 0.98194444375
3 0.93125 0.35972222187499997 0.93046875 0.39444444375 0.93515625 0.41111111093749997 0.93203125 0.43194444374999996 0.93984375 0.447222221875 0.95078125 0.4486111109375 0.95859375 0.43333333281249997 0.99921875 0.43055555625 0.99921875 0.3583333328125 0.99609375 0.3541666671875 0.99296875 0.3333333328125 0.98828125 0.33055555625 0.98375 0.33055555625 0.95625 0.3333333328125 0.93984375 0.34305555625 0.9375 0.352777778125 0.93125 0.35972222187499997
2 0.2984375 0.63055555625 0.29140625 0.6236111109375 0.2859375 0.6263888890625 0.27890625 0.64305555625 0.2828125 0.65 0.28203125 0.6611111109375 0.2953125 0.665277778125 0.29140625 0.6791666671875001 0.28359375 0.69305555625 0.28046875 0.69305555625 0.27421875 0.684722221875 0.2765625 0.66944444375 0.27109375 0.6666666671875 0.2671875 0.6736111109375 0.2671875 0.690277778125 0.27109375 0.6972222218749999 0.28125 0.7 0.29609375 0.6861111109375 0.2984375 0.6791666671875001 0.3078125 0.6777777781250001 0.31171875 0.6625 0.3296875 0.6263888890625 0.32578125 0.6180555562500001 0.325 0.6180555562500001 0.31796875 0.6263888890625 0.31015625 0.6236111109375 0.30390625 0.63055555625 0.2984375 0.63055555625