1 0.65625 0.515277778125 0.65859375 0.5208333328125 0.66484375 0.5236111109375 0.99921875 0.5208333328125 0.99921875 0.50555555625 0.92421875 0.5041666671875 0.9234375 0.5041666671875 0.87265625 0.5083333328124999 0.6265625 0.5083333328124999 0.61640625 0.5138888890625 0.65625 0.515277778125
1 0.02578125 0.525 0.040625 0.5291666671875 0.05703125 0.5236111109375 0.06171875 0.527777778125 0.0890625 0.5291666671875 0.1109375 0.5208333328125 0.13125 0.5208333328125 0.14140625 0.527777778125 0.153125 0.5236111109375 0.16171875 0.527777778125 0.28984375 0.527777778125 0.29765625 0.5263888890625 0.30234375 0.51944444375 0.30625 0.5208333328125 0.30078125 0.5125 0.1390625 0.5125 0.13828125 0.5111111109375 0.01640625 0.5125 0.003125 0.525 0.009375 0.5291666671875 0.02578125 0.525
1 0.46875 0.5208333328125 0.4765625 0.525 0.5546875 0.525 0.57890625 0.515277778125 0.6140625 0.515277778125 0.6109375 0.5097222218749999 0.5921875 0.5083333328124999 0.5875 0.5083333328124999 0.4953125 0.5125 0.47890625 0.5097222218749999 0.46953125 0.5138888890625 0.46875 0.5208333328125
1 0.3375 0.5263888890625 0.41796875 0.5263888890625 0.4265625 0.522222221875 0.42421875 0.5125 0.35 0.5111111109375 0.3453125 0.5111111109375 0.31171875 0.5125 0.3078125 0.51805555625 0.32734375 0.51805555625 0.3375 0.5263888890625
1 0 0.6152777781250001 0.99921875 0.6111111109375 0.99921875 0.602777778125 0.88828125 0.602777778125 0.88359375 0.602777778125 0.5390625 0.6041666671875 0.3421875 0.609722221875 0 0.6083333328125 0 0.6152777781250001
1 0.11171875 0.6916666671875 0.10859375 0.6916666671875 0.0828125 0.6958333328124999 0.2734375 0.6972222218749999 0.27109375 0.69305555625 0.11171875 0.6916666671875
1 0 0.6972222218749999 0.053125 0.6958333328124999 0.0078125 0.6916666671875 0.00390625 0.6916666671875 0 0.6916666671875 0 0.6972222218749999
1 0.83203125 0.69305555625 0.99921875 0.6944444437499999 0.99921875 0.6875 0.99453125 0.6875 0.99375 0.6861111109375 0.71953125 0.6875 0.67890625 0.69305555625 0.71953125 0.6972222218749999 0.83203125 0.69305555625
1 0.63822109375 0.690277778125 0.53359375 0.69305555625 0.65 0.69305555625 0.6421875 0.690277778125 0.63822109375 0.690277778125
1 0.39375 0.6916666671875 0.3875 0.69305555625 0.41015625 0.69305555625 0.39921875 0.6916666671875 0.39375 0.6916666671875
1 0.3671875 0.69305555625 0.365625 0.6916666671875 0.36328125 0.6916666671875 0.3671875 0.69305555625
1 0.30078125 0.7819444437499999 0.34453125 0.777777778125 0.3421875 0.7736111109375 0.128125 0.772222221875 0.1265625 0.772222221875 0.00234375 0.7736111109375 0 0.777777778125 0.14921875 0.7819444437499999 0.30078125 0.7819444437499999
1 0.8453125 0.777777778125 0.99921875 0.775 0.99921875 0.76805555625 0.77578125 0.7666666671875 0.753125 0.7708333328125 0.74765625 0.7666666671875 0.74375 0.7666666671875 0.728125 0.7708333328125 0.7359375 0.777777778125 0.75546875 0.7736111109375 0.8453125 0.777777778125
1 0.4875 0.7708333328125 0.4859375 0.7708333328125 0.43984375 0.775 0.453125 0.7791666671875 0.540625 0.775 0.4875 0.7708333328125
1 0 0.859722221875 0.1578125 0.8666666671875 0.2984375 0.8611111109375 0.2609375 0.85694444375 0.175 0.8583333328125 0.14375 0.8541666671874999 0.00546875 0.852777778125 0.0046875 0.852777778125 0 0.8541666671874999 0 0.859722221875
1 0.99921875 0.8513888890624999 0.88515625 0.852777778125 0.884375 0.8513888890624999 0.7546875 0.85694444375 0.7609375 0.8611111109375 0.99921875 0.85694444375 0.99921875 0.8513888890624999
1 0.14765625 0.9444444437499999 0.15390625 0.9458333328125 0.15703125 0.9513888890625 0.1625 0.94305555625 0.17421875 0.94305555625 0.1734375 0.9388888890624999 0.1546875 0.9375 0.15078125 0.9111111109375001 0.15 0.9111111109375001 0.146875 0.9375 0 0.9388888890624999 0.00859375 0.94305555625 0.14765625 0.9444444437499999
1 0.99921875 0.9388888890624999 0.99921875 0.934722221875 0.99609375 0.9333333328125001 0.99140625 0.9333333328125001 0.7828125 0.9375 0.78046875 0.9416666671874999 0.9203125 0.94305555625 0.99921875 0.9388888890624999
1 0.15390625 0.9388888890624999 0.15234375 0.9388888890624999 0.14921875 0.9416666671874999 0.15 0.952777778125 0.15390625 0.9472222218749999 0.15390625 0.9388888890624999
1 0.15078125 0.9694444437499999 0.15390625 0.9583333328125001 0.15078125 0.95694444375 0.15 0.95555555625 0.15 0.9986111109375001 0.15234375 0.9986111109375001 0.15390625 0.9736111109375001 0.15078125 0.9694444437499999
1 0.15 0.9375 0.15078125 0.9111111109375001 0.15 0.909722221875 0.15 0.9375
0 0.521875 0.9069444437499999 0.48984375 0.9138888890624999 0.484375 0.909722221875 0.47734375 0.9111111109375001 0.46796875 0.934722221875 0.46875 0.9388888890624999 0.46328125 0.9472222218749999 0.45625 0.9472222218749999 0.43984375 0.9333333328125001 0.4375 0.9388888890624999 0.44453125 0.9583333328125001 0.46640625 0.9986111109375001 0.60078125 0.9986111109375001 0.60078125 0.9375 0.6140625 0.85555555625 0.61328125 0.825 0.61015625 0.825 0.58515625 0.8652777781250001 0.565625 0.86944444375 0.54375 0.8916666671875 0.521875 0.9069444437499999
0 0.4015625 0.9680555562500001 0.4 0.9680555562500001 0.39453125 0.9986111109375001 0.4078125 0.9986111109375001 0.40625 0.98194444375 0.4015625 0.9680555562500001
3 0.93046875 0.372222221875 0.9359375 0.3791666671875 0.934375 0.3916666671875 0.9375 0.41944444374999995 0.93515625 0.42222222187499997 0.93671875 0.4263888890625 0.934375 0.434722221875 0.93828125 0.4361111109375 0.9390625 0.44305555625000004 0.9421875 0.447222221875 0.95078125 0.447222221875 0.95625 0.43333333281249997 0.98359375 0.43055555625 0.99921875 0.42222222187499997 0.99921875 0.33055555625 0.9948664062500001 0.33055555625 0.95703125 0.3333333328125 0.9390625 0.34722222187499996 0.93125 0.3611111109375 0.93046875 0.372222221875
2 0.29765625 0.6291666671875 0.29375 0.622222221875 0.2859375 0.625 0.27890625 0.640277778125 0.28203125 0.659722221875 0.2890625 0.6625 0.29453125 0.6583333328125 0.2953125 0.665277778125 0.28359375 0.6916666671875 0.27421875 0.684722221875 0.27421875 0.6777777781250001 0.27890625 0.66805555625 0.27109375 0.665277778125 0.2671875 0.672222221875 0.2671875 0.6861111109375 0.27109375 0.6944444437499999 0.27734375 0.6986111109375 0.2875 0.6958333328124999 0.29453125 0.6875 0.29921875 0.6944444437499999 0.303125 0.6944444437499999 0.31015625 0.675 0.31328125 0.6916666671875 0.31953125 0.69305555625 0.328125 0.6777777781250001 0.3421875 0.665277778125 0.34140625 0.6513888890625 0.33671875 0.6541666671875 0.3328125 0.66944444375 0.32734375 0.66944444375 0.325 0.6569444437499999 0.31953125 0.6513888890625 0.33046875 0.6236111109375 0.328125 0.6166666671875001 0.32421875 0.6166666671875001 0.31796875 0.6236111109375 0.309375 0.622222221875 0.30390625 0.6291666671875 0.29765625 0.6291666671875