1 0 0.5263888890625 0.11875 0.527777778125 0.12890625 0.51944444375 0.15703125 0.5263888890625 0.25390625 0.527777778125 0.271875 0.5236111109375 0.2828125 0.527777778125 0.29296875 0.522222221875 0.30546875 0.527777778125 0.40859375 0.5263888890625 0.4765625 0.525 0.48671875 0.5236111109375 0.49375 0.5166666671875 0.50078125 0.5208333328125 0.50546875 0.51805555625 0.509375 0.5236111109375 0.5484375 0.525 0.99375 0.522222221875 0.99921875 0.5208333328125 0.99921875 0.50555555625 0.9952203125000001 0.50555555625 0.49453125 0.5125 0 0.5125 0 0.5263888890625
1 0 0.6152777781250001 0.40390625 0.6166666671875001 0.51328125 0.6125 0.99921875 0.6111111109375 0.99921875 0.602777778125 0.8859375 0.6013888890625 0.884375 0.6013888890625 0.55625 0.602777778125 0.33515625 0.609722221875 0.009375 0.60694444375 0 0.6083333328125 0 0.6152777781250001
1 0.26640625 0.6972222218749999 0.265625 0.69305555625 0.22265625 0.6916666671875 0.21863828125 0.6916666671875 0.13828125 0.6916666671875 0.10546875 0.6958333328124999 0.134375 0.7 0.26640625 0.6972222218749999
1 0 0.6986111109375 0.075 0.6972222218749999 0.08125 0.69305555625 0.06953125 0.6916666671875 0.06544140625 0.6916666671875 0 0.6916666671875 0 0.6986111109375
1 0.99453125 0.6861111109375 0.97890625 0.6875 0.978125 0.6861111109375 0.559375 0.69305555625 0.99921875 0.69305555625 0.99921875 0.6875 0.99453125 0.6861111109375
1 0.45 0.6916666671875 0.4459375 0.6916666671875 0.42734375 0.69305555625 0.43125 0.6972222218749999 0.45546875 0.69305555625 0.45 0.6916666671875
1 0.1265625 0.7819444437499999 0.15625 0.784722221875 0.36015625 0.7819444437499999 0.409375 0.7791666671875 0.41484375 0.775 0.3609375 0.772222221875 0.275 0.7763888890625 0.15078125 0.7708333328125 0.15 0.7708333328125 0.08984375 0.775 0.10078125 0.7791666671875 0.11953125 0.7763888890625 0.1265625 0.7819444437499999
1 0.99921875 0.775 0.99921875 0.76805555625 0.8109375 0.7666666671875 0.80625 0.7666666671875 0.7921875 0.76805555625 0.78828125 0.7708333328125 0.78828125 0.775 0.99921875 0.775
1 0.65390625 0.7791666671875 0.6609375 0.775 0.61953125 0.7708333328125 0.5296875 0.772222221875 0.5140625 0.76805555625 0.51171875 0.76805555625 0.50546875 0.772222221875 0.465625 0.775 0.46875 0.7791666671875 0.65390625 0.7791666671875
1 0 0.7791666671875 0.084375 0.7819444437499999 0.0875 0.777777778125 0.08515625 0.7736111109375 0.00234375 0.772222221875 0 0.772222221875 0 0.7791666671875
1 0 0.859722221875 0.00234375 0.8611111109375 0.04453125 0.8652777781250001 0.33046875 0.8638888890624999 0.33046875 0.859722221875 0.32421875 0.8583333328125 0.17265625 0.85555555625 0.16796875 0.8513888890624999 0.0953125 0.85555555625 0.015625 0.8541666671874999 0.00546875 0.8513888890624999 0.0015625 0.8458333328125001 0 0.8458333328125001 0 0.859722221875
1 0.81640625 0.8625 0.99921875 0.8583333328125 0.99921875 0.85 0.95234375 0.8458333328125001 0.95 0.8458333328125001 0.94453125 0.85 0.825 0.8513888890624999 0.8125 0.85694444375 0.81640625 0.8625
1 0.14609375 0.9444444437499999 0.15 0.95 0.16015625 0.9444444437499999 0.2390625 0.94305555625 0.1640625 0.940277778125 0.15703125 0.93194444375 0.15078125 0.9305555562500001 0.15 0.9291666671875 0.14609375 0.9375 0 0.9388888890624999 0.01328125 0.9444444437499999 0.14609375 0.9444444437499999
1 0.14921875 0.9472222218749999 0.14921875 0.9986111109375001 0.15390625 0.9958333328125001 0.15390625 0.952777778125 0.15859375 0.94305555625 0.15859375 0.934722221875 0.15546875 0.9277777781250001 0.1578125 0.9083333328125001 0.153125 0.897222221875 0.15 0.897222221875 0.1484375 0.9111111109375001 0.15078125 0.9236111109375 0.146875 0.9388888890624999 0.14921875 0.9472222218749999
1 0.99921875 0.9388888890624999 0.99921875 0.93194444375 0.975 0.9333333328125001 0.97421875 0.93194444375 0.83984375 0.9375 0.8375 0.9416666671874999 0.9140625 0.9444444437499999 0.99921875 0.9388888890624999
0 0.6421875 0.91944444375 0.6328125 0.9111111109375001 0.6265625 0.9236111109375 0.6203125 0.9263888890624999 0.61484375 0.934722221875 0.60703125 0.9291666671875 0.58359375 0.9444444437499999 0.55859375 0.9444444437499999 0.55078125 0.9375 0.54375 0.9375 0.53125 0.95694444375 0.53359375 0.965277778125 0.53203125 0.9694444437499999 0.51484375 0.9638888890624999 0.5015625 0.9458333328125 0.50078125 0.95555555625 0.52109375 0.9986111109375001 0.66796875 0.9986111109375001 0.67109375 0.9694444437499999 0.68828125 0.890277778125 0.6890625 0.875 0.6859375 0.86944444375 0.68515625 0.86944444375 0.6734375 0.8833333328125 0.66484375 0.9041666671874999 0.65390625 0.91805555625 0.6421875 0.91944444375
0 0.4703125 0.959722221875 0.4640625 0.9986111109375001 0.47109375 0.9986111109375001 0.47109375 0.9611111109375001 0.4703125 0.959722221875
2 0.2921875 0.622222221875 0.28515625 0.6263888890625 0.278125 0.64305555625 0.28203125 0.65 0.2828125 0.6625 0.2921875 0.665277778125 0.29140625 0.6736111109375 0.28203125 0.684722221875 0.28359375 0.690277778125 0.27890625 0.690277778125 0.2734375 0.6805555562500001 0.27734375 0.66805555625 0.2703125 0.665277778125 0.26640625 0.6736111109375 0.26875 0.69305555625 0.275 0.6986111109375 0.28359375 0.6986111109375 0.2953125 0.6888888890625 0.30234375 0.6958333328124999 0.309375 0.6861111109375 0.315625 0.6944444437499999 0.32578125 0.6888888890625 0.3296875 0.6944444437499999 0.34140625 0.6916666671875 0.3484375 0.6736111109375 0.34296875 0.66944444375 0.34375 0.652777778125 0.3359375 0.6513888890625 0.32890625 0.6583333328125 0.3203125 0.65 0.33125 0.622222221875 0.3265625 0.6166666671875001 0.32578125 0.6152777781250001 0.309375 0.622222221875 0.303125 0.6291666671875 0.2984375 0.6291666671875 0.2921875 0.622222221875
2 0.37734375 0.6861111109375 0.38515625 0.6958333328124999 0.396875 0.6805555562500001 0.403125 0.6583333328125 0.3953125 0.6541666671875 0.4046875 0.63055555625 0.40390625 0.622222221875 0.40078125 0.6208333328125 0.4 0.6208333328125 0.3890625 0.64305555625 0.38203125 0.66805555625 0.36875 0.6916666671875 0.37734375 0.6861111109375
3 0.93359375 0.3708333328125 0.93671875 0.377777778125 0.93671875 0.40833333281249995 0.9421875 0.4236111109375 0.95 0.434722221875 0.95 0.440277778125 0.9703125 0.43055555625 0.99453125 0.427777778125 0.99921875 0.42083333281249996 0.99921875 0.3291666671875 0.9953125 0.3291666671875 0.95859375 0.3333333328125 0.9453125 0.3416666671875 0.9328125 0.3583333328125 0.93359375 0.3708333328125