1 0 0.5236111109375 0.11875 0.527777778125 0.15390625 0.51944444375 0.15703125 0.525 0.17265625 0.527777778125 0.409375 0.5263888890625 0.43515625 0.5236111109375 0.43828125 0.5166666671875 0.44609375 0.5138888890625 0.40859375 0.5111111109375 0 0.5125 0 0.5236111109375
1 0.63828125 0.522222221875 0.99921875 0.5208333328125 0.99921875 0.50555555625 0.89921875 0.50555555625 0.88203125 0.5125 0.875 0.5083333328124999 0.62578125 0.5097222218749999 0.625 0.5138888890625 0.63828125 0.522222221875
1 0.4703125 0.5236111109375 0.478125 0.525 0.584375 0.5236111109375 0.58984375 0.5166666671875 0.61484375 0.5125 0.49453125 0.5097222218749999 0.48203125 0.515277778125 0.46953125 0.5111111109375 0.4671875 0.5125 0.4703125 0.5236111109375
1 0 0.6152777781250001 0.35693129375 0.6137894015625001 0.35390625 0.60694444375 0.009375 0.60694444375 0 0.6083333328125 0 0.6152777781250001
1 0.36875 0.60694444375 0.3629959046875 0.6137641125 0.99921875 0.6111111109375 0.99921875 0.602777778125 0.978125 0.6013888890625 0.36875 0.60694444375
1 0.209474875 0.6969010015625 0.26953125 0.6958333328124999 0.2671875 0.6916666671875 0.21110234375 0.6916666671875 0.209474875 0.6969010015625
1 0.1 0.6916666671875 0.09453125 0.69305555625 0.11328125 0.6986111109375 0.20902496093749998 0.696909 0.20316640625 0.6916666671875 0.1 0.6916666671875
1 0 0.6986111109375 0.03828125 0.6972222218749999 0.04296875 0.69305555625 0.03828125 0.6916666671875 0 0.6916666671875 0 0.6986111109375
1 0.52890625 0.6958333328124999 0.5892359375 0.6958333328124999 0.59140625 0.690277778125 0.5970835937500001 0.6958333328124999 0.6912499999999999 0.6958333328124999 0.69296875 0.690277778125 0.6990968750000001 0.6958333328124999 0.771875 0.6958333328124999 0.7806921874999999 0.6944444437499999 0.783203125 0.6888888890625 0.78828125 0.6888888890625 0.78872734375 0.6944444437499999 0.99921875 0.69305555625 0.99921875 0.6875 0.9953125 0.6861111109375 0.525 0.690277778125 0.52265625 0.69305555625 0.52890625 0.6958333328124999
1 0 0.7791666671875 0.1578125 0.7833333328125 0.43125 0.7791666671875 0.4359375 0.775 0.353125 0.7708333328125 0.17734375 0.7736111109375 0.1515625 0.76805555625 0.1390625 0.7736111109375 0 0.772222221875 0 0.7791666671875
1 0.8765625 0.777777778125 0.9515625 0.7763888890625 0.95234375 0.76944444375 0.9609375 0.7763888890625 0.99921875 0.775 0.99921875 0.76805555625 0.83671875 0.76944444375 0.8375 0.7763888890625 0.8765625 0.777777778125
1 0.5640625 0.7791666671875 0.6890625 0.7791666671875 0.70390625 0.775 0.50078125 0.772222221875 0.50078125 0.777777778125 0.5640625 0.7791666671875
1 0.24137319062499998 0.8619432078125 0.23203125 0.85555555625 0.003125 0.852777778125 0 0.8583333328125 0.0046875 0.8611111109375 0.04765625 0.8638888890624999 0.24137319062499998 0.8619432078125
1 0.24375 0.85694444375 0.24234684843749998 0.861933428125 0.32421875 0.8611111109375 0.24375 0.85694444375
1 0.875 0.8625 0.99921875 0.859722221875 0.99921875 0.8513888890624999 0.8609375 0.85555555625 0.8625 0.8611111109375 0.875 0.8625
1 0.253125 0.9375 0.21796875 0.9375 0.212109375 0.9388888888888888 0.21193203125 0.9430555555555555 0.28203125 0.9430555555555555 0.253125 0.9375
1 0.00546875 0.9430555555555555 0.15 0.9444444444444444 0.15234375 0.9486111111111111 0.18259921875000001 0.9430555555555555 0.20774140624999998 0.9430555555555555 0.20625 0.9375 0.176171875 0.9375 0.1734375 0.9444444444444444 0.1671875 0.9375 0.09296875 0.9375 0.09188359375 0.9430555555555555 0.08046875 0.9375 0.00234375 0.9375 0 0.9388888888888888 0.00546875 0.9430555555555555
3 0.9390625 0.41944444374999995 0.95078125 0.43333333281249997 0.959375 0.4361111109375 0.9703125 0.43055555625 0.99921875 0.4291666671875 0.99921875 0.33055555625 0.9609375 0.3333333328125 0.9390625 0.34722222187499996 0.93046875 0.3611111109375 0.93515625 0.40694444374999994 0.9390625 0.41944444374999995
2 0.27578125 0.6986111109375 0.2859375 0.6972222218749999 0.29375 0.690277778125 0.30234375 0.6958333328124999 0.31015625 0.6861111109375 0.31484375 0.6944444437499999 0.32578125 0.6888888890625 0.3296875 0.6944444437499999 0.33828125 0.6944444437499999 0.34921875 0.6763888890625 0.34296875 0.65 0.325 0.652777778125 0.32265625 0.6486111109375 0.33046875 0.6236111109375 0.32734375 0.6166666671875001 0.309375 0.622222221875 0.30234375 0.6291666671875 0.29296875 0.622222221875 0.2859375 0.625 0.27734375 0.6458333328125 0.28125 0.6513888890625 0.28125 0.6625 0.2703125 0.665277778125 0.2671875 0.6708333328125 0.26640625 0.684722221875 0.27578125 0.6986111109375
2 0.36875 0.6875 0.36875 0.69305555625 0.42421875 0.69305555625 0.4265625 0.6763888890625 0.42109375 0.6555555562500001 0.41640625 0.6555555562500001 0.4078125 0.665277778125 0.4046875 0.6541666671875 0.39921875 0.6513888890625 0.4046875 0.6333333328124999 0.40390625 0.622222221875 0.3984375 0.622222221875 0.39140625 0.6361111109375 0.38125 0.66805555625 0.36875 0.6875
0 0.5203125 0.8986111109375001 0.52734375 0.91944444375 0.53515625 0.93194444375 0.53828125 0.9277777781250001 0.54296875 0.9361111109375001 0.5390625 0.9388888890624999 0.540625 0.9444444437499999 0.56875 0.9986111109375001 0.72109375 0.9986111109375001 0.7265625 0.95694444375 0.7484375 0.8819444437499999 0.75 0.85555555625 0.74765625 0.852777778125 0.73984375 0.8638888890624999 0.71640625 0.915277778125 0.7015625 0.9166666671874999 0.6921875 0.9125 0.68046875 0.9305555562500001 0.6625 0.9277777781250001 0.64375 0.9375 0.6109375 0.9388888890624999 0.59453125 0.93194444375 0.5796875 0.9541666671875 0.58203125 0.9625 0.57734375 0.9694444437499999 0.5640625 0.965277778125 0.5484375 0.9472222218749999 0.53125 0.9111111109375001 0.52578125 0.8916666671875 0.52109375 0.8861111109375001 0.52265625 0.8888888890625 0.5203125 0.8986111109375001
0 0.5140625 0.9986111109375001 0.51484375 0.98055555625 0.51015625 0.9791666671874999 0.51484375 0.972222221875 0.51328125 0.9638888890624999 0.50546875 0.9986111109375001 0.5140625 0.9986111109375001
0 0.303125 0.9986111109375001 0.303125 0.9930555562500001 0.2984375 0.9861111109375 0.28359375 0.9861111109375 0.2828125 0.9986111109375001 0.303125 0.9986111109375001
1 0.89140625 0.94305555625 0.98359375 0.9416666671874999 0.99921875 0.9388888890624999 0.99921875 0.9305555562500001 0.94296875 0.9305555562500001 0.8875 0.9375 0.8859375 0.9388888890624999 0.89140625 0.94305555625