1 0.2109375 0.5166666671875 0.2328125 0.51944444375 0.23671875 0.5263888890625 0.24296875 0.527777778125 0.4703125 0.527777778125 0.49765625 0.51805555625 0.53046875 0.51805555625 0.53984375 0.525 0.56015625 0.525 0.56640625 0.51944444375 0.5984375 0.51805555625 0.6078125 0.5138888890625 0.60234375 0.5111111109375 0.5982890624999999 0.5111111109375 0.2265625 0.5125 0.2109375 0.5166666671875
1 0.66875 0.5083333328124999 0.625 0.5097222218749999 0.621875 0.5138888890625 0.6265625 0.525 0.64609375 0.525 0.65390625 0.51944444375 0.66484375 0.525 0.67734375 0.525 0.68125 0.51805555625 0.69375 0.515277778125 0.73359375 0.5166666671875 0.7359375 0.5208333328125 0.75 0.5236111109375 0.78671875 0.5236111109375 0.79453125 0.51805555625 0.8109375 0.51805555625 0.8140625 0.522222221875 0.91484375 0.522222221875 0.928125 0.5208333328125 0.93515625 0.5166666671875 0.9328125 0.5138888890625 0.93515625 0.5111111109375 0.9515625 0.5125 0.9546875 0.5208333328125 0.99921875 0.5208333328125 0.99921875 0.50555555625 0.93671875 0.5041666671875 0.9296875 0.5041666671875 0.9125 0.5083333328124999 0.66875 0.5083333328124999
1 0 0.5208333328125 0.00859375 0.527777778125 0.128125 0.527777778125 0.14609375 0.5166666671875 0.13515625 0.5125 0.07265625 0.5138888890625 0.071875 0.5125 0.009375 0.5138888890625 0 0.5166666671875 0 0.5208333328125
3 0.94140625 0.35416805625 0.934375 0.35833472187500004 0.93125 0.36527916718750003 0.93203125 0.3750013890625 0.93671875 0.37777916718750004 0.9375 0.4069458328125 0.93515625 0.41111250000000005 0.9390625 0.42916805625 0.9453125 0.43750138906249997 0.93828125 0.44166805625 0.9390625 0.46111250000000004 0.9453125 0.46527916718749995 0.94609375 0.48611250000000006 0.9515625 0.48889027812499997 0.95859375 0.48472361093750005 0.96640625 0.48750138906249996 0.96875 0.4944458328125 0.9734375 0.4972236109375 0.9828125 0.4972236109375 0.99609375 0.48472361093750005 0.99296875 0.48055694375 0.9953125 0.47777916718749996 0.99453125 0.47222361093750004 0.99921875 0.46805694375 0.996875 0.46527916718749995 0.996875 0.4569458328125 0.99921875 0.45555694375 0.99921875 0.33472361093749997 0.96796875 0.333334721875 0.96640625 0.333334721875 0.9453125 0.34305694375 0.94140625 0.35416805625
1 0.00234375 0.6138888890625 0.2015625 0.6138888890625 0.05859375 0.609722221875 0.0546875 0.609722221875 0.00390625 0.609722221875 0.00234375 0.6138888890625
1 0.2484375 0.6152777781250001 0.43515625 0.6166666671875001 0.47890625 0.6111111109375 0.325 0.609722221875 0.3203125 0.609722221875 0.25078125 0.6111111109375 0.2484375 0.6152777781250001
1 0.48984375 0.6152777781250001 0.97109375 0.6125 0.99921875 0.6111111109375 0.99921875 0.602777778125 0.99518203125 0.602777778125 0.48046875 0.6111111109375 0.48984375 0.6152777781250001
1 0 0.6972222218749999 0.14609375 0.6972222218749999 0.1484375 0.7 0.1484375 0.7083333328125 0.153125 0.7125 0.15 0.7138888890625 0.14921875 0.7208333328125 0.15703125 0.727777778125 0.1578125 0.7166666671875 0.153125 0.7111111109375 0.153125 0.702777778125 0.15703125 0.6986111109375 0.2421875 0.6972222218749999 0.15859375 0.6916666671875 0.0046875 0.6916666671875 0 0.6916666671875 0 0.6972222218749999
1 0.86015625 0.6916666671875 0.99921875 0.69305555625 0.99921875 0.6875 0.99528984375 0.6875 0.865625 0.6875 0.86015625 0.6916666671875
1 0.8046875 0.69305555625 0.8 0.690277778125 0.796009375 0.690277778125 0.6484375 0.69305555625 0.8046875 0.69305555625
1 0.6 0.69305555625 0.56796875 0.690277778125 0.56640625 0.690277778125 0.53671875 0.69305555625 0.6 0.69305555625
1 0 0.777777778125 0.16953125 0.777777778125 0.2328125 0.7833333328125 0.38984375 0.7819444437499999 0.37265625 0.775 0.321875 0.777777778125 0.13671875 0.772222221875 0.13359375 0.772222221875 0.00390625 0.7736111109375 0 0.777777778125
1 0.775 0.7763888890625 0.99921875 0.775 0.99921875 0.76805555625 0.77890625 0.7666666671875 0.778125 0.7666666671875 0.77421875 0.76944444375 0.775 0.7763888890625
1 0.56328125 0.7791666671875 0.58671875 0.775 0.52421875 0.772222221875 0.5171875 0.772222221875 0.5140625 0.775 0.56328125 0.7791666671875
1 0.446875 0.7791666671875 0.4859375 0.777777778125 0.47734375 0.775 0.47332578124999997 0.775 0.44921875 0.775 0.446875 0.7791666671875
1 0.634375 0.7736111109375 0.63046875 0.7736111109375 0.6140625 0.775 0.634375 0.7736111109375
1 0 0.859722221875 0.0703125 0.8652777781250001 0.1765625 0.8611111109375 0.14296875 0.85555555625 0.01328125 0.8541666671874999 0.0078125 0.8541666671874999 0 0.85555555625 0 0.859722221875
1 0.21953125 0.859722221875 0.240625 0.8638888890624999 0.36875 0.8638888890624999 0.36171875 0.8583333328125 0.3109375 0.85555555625 0.30699609375 0.85555555625 0.22421875 0.85555555625 0.21953125 0.859722221875
1 0.79609375 0.85694444375 0.7984375 0.8611111109375 0.809375 0.8625 0.99921875 0.8583333328125 0.99921875 0.8513888890624999 0.99453125 0.85 0.99296875 0.85 0.81328125 0.852777778125 0.79609375 0.85694444375
1 0.0046875 0.9388888890624999 0 0.94305555625 0.00234375 0.9444444437499999 0 0.95 0.08046875 0.950059721875 0.14609375 0.950059721875 0.15078125 0.9986111109375001 0.15859375 0.9916666671875 0.1578125 0.98194444375 0.16171875 0.972222221875 0.16640625 0.9736111109375001 0.16328125 0.9694444437499999 0.16953125 0.9638888890624999 0.171875 0.9513888890625 0.22109375 0.9513888890625 0.228125 0.94305555625 0.165625 0.9416666671874999 0.1546875 0.9375 0.01171875 0.9375 0.00703125 0.93194444375 0.00546875 0.9291666671875 0.003125 0.934722221875 0.0046875 0.9388888890624999
1 0.99921875 0.9388888890624999 0.99921875 0.934722221875 0.94765625 0.934722221875 0.946875 0.934722221875 0.87578125 0.9388888890624999 0.99921875 0.9388888890624999
0 0.64140625 0.9027763890625 0.6203125 0.8999986109375 0.61484375 0.904165278125 0.60390625 0.923609721875 0.59375 0.923609721875 0.57734375 0.9374986109375 0.5390625 0.9416652781250001 0.52890625 0.9347208328125 0.50625 0.97083194375 0.49453125 0.9652763890625 0.4859375 0.9513875 0.48359375 0.9541652781250001 0.4890625 0.97083194375 0.503125 0.9972208328125 0.653125 0.9972208328125 0.6578125 0.9499986109374999 0.6703125 0.8874986109374999 0.671875 0.8638875 0.66953125 0.85833194375 0.66875 0.85833194375 0.6640625 0.861109721875 0.64140625 0.9027763890625
0 0.47109375 0.925 0.471875 0.915277778125 0.46328125 0.897222221875 0.4625 0.897222221875 0.46328125 0.9111111109375001 0.47109375 0.925
0 0.45625 0.9986111109375001 0.4546875 0.9888888890624999 0.45390625 0.9888888890624999 0.4515625 0.9986111109375001 0.45625 0.9986111109375001
2 0.30859375 0.625 0.303125 0.63055555625 0.29765625 0.63055555625 0.29140625 0.6236111109375 0.28515625 0.627777778125 0.27890625 0.640277778125 0.28125 0.6611111109375 0.29453125 0.665277778125 0.28828125 0.6833333328125 0.27890625 0.6944444437499999 0.271875 0.684722221875 0.27421875 0.66944444375 0.26875 0.66805555625 0.26640625 0.672222221875 0.2671875 0.69305555625 0.275 0.7013888890625 0.284375 0.7 0.29375 0.6888888890625 0.2984375 0.6972222218749999 0.30234375 0.6972222218749999 0.30859375 0.6861111109375 0.31328125 0.6958333328124999 0.32578125 0.69305555625 0.3359375 0.6972222218749999 0.34140625 0.69305555625 0.34765625 0.6791666671875001 0.34375 0.6708333328125 0.34453125 0.659722221875 0.3421875 0.652777778125 0.3375 0.652777778125 0.3296875 0.6611111109375 0.31796875 0.652777778125 0.3296875 0.6291666671875 0.3296875 0.6208333328125 0.32578125 0.6166666671875001 0.325 0.6166666671875001 0.31796875 0.625 0.30859375 0.625
2 0.38359375 0.66944444375 0.36875 0.6888888890625 0.36875 0.69305555625 0.38046875 0.6805555562500001 0.396875 0.652777778125 0.40390625 0.6347222218749999 0.40390625 0.6263888890625 0.40078125 0.625 0.4 0.6236111109375 0.38671875 0.65 0.38359375 0.66944444375