1 0 0.5263888890625 0.11953125 0.527777778125 0.128125 0.51944444375 0.13671875 0.51805555625 0.15703125 0.51944444375 0.16171875 0.525 0.1734375 0.5263888890625 0.19375 0.5208333328125 0.20078125 0.525 0.2671875 0.527777778125 0.58359375 0.525 0.5984375 0.5166666671875 0.6140625 0.5236111109375 0.6140625 0.51944444375 0.621875 0.5236111109375 0.62265625 0.51944444375 0.63203125 0.5166666671875 0.65 0.5236111109375 0.67734375 0.51944444375 0.6890625 0.5236111109375 0.99921875 0.5208333328125 0.99921875 0.5069444437499999 0.9875 0.5041666671875 0.89765625 0.502777778125 0.85 0.5083333328124999 0.5640625 0.5083333328124999 0.50546875 0.5125 0.46015625 0.5083333328124999 0.459375 0.522222221875 0.4515625 0.522222221875 0.4546875 0.5097222218749999 0.44921875 0.5083333328124999 0.31953125 0.5125 0.16796875 0.5097222218749999 0.15546875 0.5111111109375 0.1515625 0.51805555625 0.14921875 0.5111111109375 0.14661484375 0.51805555625 0.144140625 0.5111111109375 0.14166640625 0.51805555625 0.1390625 0.5111111109375 0 0.5111111109375 0 0.5263888890625
1 0.15931953125 0.6152777781250001 0.16724296875 0.6152777781250001 0.1672606578125 0.6092303 0.1593459609375 0.6092539078125 0.15931953125 0.6152777781250001
1 0.1513953125 0.6152777781250001 0.15535703125 0.6152777781250001 0.15538814375 0.6092657140625 0.1514310890625 0.6092775171875 0.1513953125 0.6152777781250001
1 0.12762265625 0.6152777781250001 0.13158515625 0.6152777781250001 0.13164330625 0.609336540625 0.1276860265625 0.6093483453124999 0.12762265625 0.6152777781250001
1 0 0.6138888890625 0.0975359375 0.6152777781250001 0.09921875 0.609722221875 0.10150234375 0.6152777781250001 0.10703125 0.6166666671875001 0.11177421875 0.6152777781250001 0.1118556140625 0.6093955656250001 0.00234375 0.609722221875 0 0.6138888890625
1 0.21082578125 0.6152777781250001 0.21478828125 0.6152777781250001 0.214747896875 0.6090886531249999 0.21079033906250003 0.6091004578125 0.21082578125 0.6152777781250001
1 0.19893984375 0.6152777781250001 0.2029015625 0.6152777781250001 0.2028759484375 0.609124065625 0.1989191140625 0.6091358671875 0.19893984375 0.6152777781250001
1 0.18705390625 0.6152777781250001 0.19497734375 0.6152777781250001 0.1949614828125 0.6091476734375 0.1870470359375 0.6091712796875 0.18705390625 0.6152777781250001
1 0.17120546875 0.6152777781250001 0.1751671875 0.6152777781250001 0.1751753828125 0.6092066921875 0.17121773906249999 0.609218496875 0.17120546875 0.6152777781250001
1 0.30078125 0.6166666671875001 0.30484374999999997 0.6166666671875001 0.30616855625 0.608815959375 0.2993130765625 0.6088364078125 0.30078125 0.6166666671875001
1 0.29906760781249997 0.608837140625 0.27828413125 0.608899134375 0.28046875 0.6166666671875001 0.28453125 0.6166666671875001 0.28359375 0.609722221875 0.28828125 0.609722221875 0.28859375 0.6166666671875001 0.29265625 0.6166666671875001 0.29296875 0.609722221875 0.29671875000000003 0.6166666671875001 0.29906760781249997 0.608837140625
1 0.27265625 0.609722221875 0.27159062500000003 0.6152777781250001 0.2756390625 0.6152777781250001 0.2779220703125 0.6089002140625001 0.218773434375 0.6090766453125 0.21953125 0.6166666671875001 0.234375 0.6166666671875001 0.23385390625000002 0.609722221875 0.23802109374999997 0.609722221875 0.2392046875 0.6152777781250001 0.2421875 0.609722221875 0.243253125 0.6152777781250001 0.26754296875 0.6152777781250001 0.27265625 0.609722221875
1 0.79375 0.6041666671875 0.7965609375 0.6125 0.99453125 0.6125 0.99921875 0.6111111109375 0.99921875 0.602777778125 0.79375 0.6041666671875
1 0.6556734375 0.6125 0.65546875 0.6041666671875 0.64765625 0.6041666671875 0.64784609375 0.6125 0.6556734375 0.6125
1 0.7848203125000001 0.6125 0.78828125 0.6041666671875 0.7796875 0.6041666671875 0.78090703125 0.6125 0.7848203125000001 0.6125
1 0.76916640625 0.6125 0.77265625 0.6041666671875 0.76328125 0.6041666671875 0.7652523437500001 0.6125 0.76916640625 0.6125
1 0.75351171875 0.6125 0.75703125 0.6041666671875 0.74765625 0.6041666671875 0.7495984375 0.6125 0.75351171875 0.6125
1 0.7339445312499999 0.6125 0.734375 0.6041666671875 0.72578125 0.6041666671875 0.7261171875 0.6125 0.7339445312499999 0.6125
1 0.7182898437499999 0.6125 0.71796875 0.6041666671875 0.71015625 0.6041666671875 0.71046328125 0.6125 0.7182898437499999 0.6125
1 0.70654921875 0.6125 0.70390625 0.6041666671875 0.698828125 0.6041666671875 0.7026359375 0.6125 0.70654921875 0.6125
1 0.68698125 0.6125 0.6875 0.6041666671875 0.67890625 0.6041666671875 0.6791546875 0.6125 0.68698125 0.6125
1 0.67132734375 0.6125 0.671875 0.6041666671875 0.6625 0.6041666671875 0.6635 0.6125 0.67132734375 0.6125
1 0.6400187500000001 0.6125 0.63984375 0.6041666671875 0.63203125 0.6041666671875 0.6321921875000001 0.6125 0.6400187500000001 0.6125
1 0.6087109374999999 0.6125 0.60859375 0.6041666671875 0.60078125 0.6041666671875 0.60088359375 0.6125 0.6087109374999999 0.6125
1 0.59305625 0.6125 0.59375 0.6041666671875 0.573828125 0.6041666671875 0.57740234375 0.6125 0.59305625 0.6125
1 0.56174765625 0.6125 0.5625 0.6041666671875 0.553125 0.6041666671875 0.55392109375 0.6125 0.56174765625 0.6125
1 0.54453125 0.6041666671875 0.46796875 0.6083333328125 0.3632461078125 0.6086457046875 0.3625 0.6152777781250001 0.3578125 0.6166666671875001 0.40625 0.6166666671875001 0.5203125 0.6138888890625 0.51953125 0.60694444375 0.52421875 0.60555555625 0.525390625 0.6125 0.54609375 0.6125 0.54453125 0.6041666671875
1 0.3349828125 0.609722221875 0.33359375 0.6166666671875001 0.338671875 0.6152777781250001 0.33897578125 0.609722221875 0.34296875 0.609722221875 0.34296875 0.6152777781250001 0.35234375 0.6166666671875001 0.35159504375 0.6086804578125 0.30789133125 0.6088108203125 0.31102421874999997 0.609722221875 0.30890625 0.6166666671875001 0.31703125 0.6166666671875001 0.31501718749999996 0.609722221875 0.323003125 0.609722221875 0.32265625 0.6166666671875001 0.328125 0.6166666671875001 0.32699687499999996 0.609722221875 0.3349828125 0.609722221875
1 0.1103125 0.7 0.11468750000000001 0.7 0.11640625 0.69305555625 0.1190625 0.7 0.121875 0.69305555625 0.1234375 0.7 0.17421875 0.7 0.24996093749999998 0.6986111109375 0.2515625 0.69305555625 0.25390625 0.6986111109375 0.27109375 0.6972222218749999 0.26875 0.69305555625 0.26328125 0.6972222218749999 0.26171875 0.6916666671875 0.23076171875 0.6916666671875 0.230234375 0.6986111109375 0.2267578125 0.6916666671875 0.22275390625 0.6916666671875 0.22234375 0.6986111109375 0.21839843750000001 0.6986111109375 0.21875 0.6916666671875 0.21474609375 0.6916666671875 0.214453125 0.6986111109375 0.2107421875 0.6916666671875 0.1947265625 0.6916666671875 0.19078124999999999 0.6986111109375 0.19072265625 0.6916666671875 0.1868359375 0.6986111109375 0.18671875 0.6916666671875 0.1787109375 0.6916666671875 0.1789453125 0.6986111109375 0.175 0.6986111109375 0.17470703125 0.6916666671875 0.09020859375 0.6916666671875 0.09296875 0.6986111109375 0.0890625 0.6986111109375 0.08609375 0.6916666671875 0.084375 0.6972222218749999 0.08197890625000001 0.6916666671875 0.07786484375 0.6916666671875 0.0765625 0.6972222218749999 0.07375000000000001 0.6916666671875 0.03671875 0.6916666671875 0.03359375 0.6958333328124999 0.10593749999999999 0.7 0.10703125 0.69305555625 0.1103125 0.7
1 0 0.6972222218749999 0.03203125 0.6958333328124999 0.02265625 0.6916666671875 0 0.6916666671875 0 0.6972222218749999
1 0.71495546875 0.6958333328124999 0.7189171875 0.6958333328124999 0.71815859375 0.690277778125 0.72214921875 0.690277778125 0.7228796875 0.6958333328124999 0.73080390625 0.6958333328124999 0.73013125 0.690277778125 0.734121875 0.690277778125 0.734765625 0.6958333328124999 0.73872734375 0.6958333328124999 0.7381125 0.690277778125 0.7421031250000001 0.690277778125 0.74268984375 0.6958333328124999 0.7466515625000001 0.6958333328124999 0.74609375 0.690277778125 0.74921875 0.6888888890625 0.7506140625 0.6958333328124999 0.77578125 0.6958333328124999 0.7740487625 0.68762005625 0.70219609375 0.690277778125 0.6951453125 0.6958333328124999 0.6902234375 0.690277778125 0.6862328125 0.690277778125 0.6872210937500001 0.6958333328124999 0.68325859375 0.6958333328124999 0.6822421875 0.690277778125 0.6782515625000001 0.690277778125 0.679296875 0.6958333328124999 0.67533515625 0.6958333328124999 0.6742609374999999 0.690277778125 0.6702703125 0.690277778125 0.67137265625 0.6958333328124999 0.6674109374999999 0.6958333328124999 0.6662796875 0.690277778125 0.6622890625 0.690277778125 0.6634484375 0.6958333328124999 0.65948671875 0.6958333328124999 0.6582984374999999 0.690277778125 0.6543078125 0.690277778125 0.65552421875 0.6958333328124999 0.6515625 0.6958333328124999 0.65031640625 0.690277778125 0.6463257812500001 0.690277778125 0.65078125 0.6972222218749999 0.70703125 0.6958333328124999 0.7101773437500001 0.690277778125 0.7109929687500001 0.6958333328124999 0.71416796875 0.690277778125 0.71495546875 0.6958333328124999
1 0.60641875 0.690277778125 0.5984375 0.690277778125 0.59453125 0.69305555625 0.60234375 0.6972222218749999 0.60641875 0.690277778125
1 0.61839140625 0.690277778125 0.6144000000000001 0.690277778125 0.612890625 0.6958333328124999 0.6104093749999999 0.690277778125 0.60641875 0.690277778125 0.6078125 0.6972222218749999 0.6203125 0.6972222218749999 0.62890625 0.6958333328124999 0.63036328125 0.690277778125 0.62238203125 0.690277778125 0.62109375 0.6958333328124999 0.61839140625 0.690277778125
1 0.8121875 0.6944444437499999 0.815625 0.6875 0.8162499999999999 0.6944444437499999 0.8197265625 0.6875 0.8203125 0.6944444437499999 0.823828125 0.6875 0.82578125 0.6944444437499999 0.8279296875 0.6875 0.83203125 0.6875 0.83203125 0.69305555625 0.83671875 0.6888888890625 0.83828125 0.6944444437499999 0.8375 0.6875 0.8453890625 0.6875 0.84296875 0.6944444437499999 0.85327734375 0.6875 0.85234375 0.69305555625 0.85625 0.6944444437499999 0.8572218749999999 0.6875 0.86116640625 0.6875 0.86171875 0.69305555625 0.8651101562499999 0.6875 0.8671875 0.6944444437499999 0.88359375 0.6944444437499999 0.8808882812500001 0.6875 0.8887765625 0.6875 0.8876953125 0.6944444437499999 0.891796875 0.6944444437499999 0.89272109375 0.6875 0.8958984375 0.6944444437499999 0.9041015625 0.6944444437499999 0.9006093749999999 0.6875 0.81484375 0.6861111109375 0.77729453125 0.6875 0.78203125 0.6875 0.78098984375 0.6944444437499999 0.78541640625 0.6944444437499999 0.78515625 0.6875 0.78917421875 0.6875 0.78984375 0.6944444437499999 0.8121875 0.6944444437499999
1 0.9321648437500001 0.6875 0.9328125 0.6944444437499999 0.99921875 0.6944444437499999 0.99921875 0.6875 0.9321648437500001 0.6875
1 0.253125 0.775 0.2546875 0.7833333328125 0.25703125 0.775 0.2625 0.7833333328125 0.2609375 0.775 0.26875 0.775 0.26875 0.7833333328125 0.27265625 0.775 0.2765625 0.775 0.275 0.7819444437499999 0.28125 0.7833333328125 0.284375 0.7819444437499999 0.284375 0.775 0.28828125 0.775 0.28838515625 0.7819444437499999 0.29239609375 0.7819444437499999 0.2921875 0.775 0.3 0.775 0.29640625 0.7819444437499999 0.428125 0.7819444437499999 0.4625 0.7791666671875 0.4671875 0.775 0.165625 0.772222221875 0.16328125 0.7819444437499999 0.15859375 0.772222221875 0.06171875 0.772222221875 0.05926328125 0.7791666671875 0.10703125 0.7791666671875 0.1265625 0.7833333328125 0.2375 0.7833333328125 0.2375 0.775 0.2484375 0.7833333328125 0.2453125 0.775 0.253125 0.775
1 0.55078125 0.777777778125 0.55390625 0.772222221875 0.55625 0.7791666671875 0.56171875 0.772222221875 0.5640625 0.7791666671875 0.566015625 0.772222221875 0.5703125 0.772222221875 0.56953125 0.777777778125 0.5796875 0.7791666671875 0.581640625 0.772222221875 0.58463515625 0.777777778125 0.5859375 0.772222221875 0.59375 0.7791666671875 0.6609375 0.7791666671875 0.67421875 0.775 0.65685078125 0.772222221875 0.65390625 0.777777778125 0.6527046875 0.772222221875 0.6485578125 0.772222221875 0.64765625 0.777777778125 0.6444109375 0.772222221875 0.63197109375 0.772222221875 0.63046875 0.777777778125 0.62782421875 0.772222221875 0.623678125 0.772222221875 0.621875 0.777777778125 0.61875 0.7708333328125 0.61640625 0.777777778125 0.61328125 0.777777778125 0.61328125 0.772222221875 0.60859375 0.772222221875 0.60625 0.777777778125 0.603125 0.7708333328125 0.5984375 0.772222221875 0.59765625 0.777777778125 0.58984375 0.7708333328125 0.54140625 0.772222221875 0.540625 0.775 0.54609375 0.777777778125 0.5497398437500001 0.772222221875 0.55078125 0.777777778125
1 0.903125 0.76805555625 0.89921875 0.76805555625 0.8949933984375 0.7693075125 0.903125 0.769209834375 0.903125 0.76805555625
1 0.9131051234375 0.7690899531250001 0.9165625000000001 0.775 0.91743445 0.76903795 0.9131051234375 0.7690899531250001
1 0.9081250000000001 0.775 0.91234375 0.775 0.91247655625 0.769097503125 0.9072053296875 0.769160821875 0.9081250000000001 0.775
1 0.88359375 0.76944444375 0.88359375 0.775 0.8886483953125 0.769383728125 0.88359375 0.76944444375
1 0.903125 0.769209834375 0.903125 0.7763888890625 0.9065092375000001 0.7691691828125 0.903125 0.769209834375
1 0.8949933984375 0.7693075125 0.8900895359375 0.7693664171875 0.89140625 0.7763888890625 0.89765625 0.7763888890625 0.89453125 0.76944444375 0.8949933984375 0.7693075125
1 0.9343919578125 0.76883425625 0.9334374999999999 0.775 0.941688934375 0.7687466046875 0.9343919578125 0.76883425625
1 0.925 0.775 0.9292187500000001 0.775 0.9303197796875 0.7688831703125001 0.9180279656250001 0.7690308203125 0.9207812499999999 0.775 0.9234375 0.76944444375 0.925 0.775
1 0.99921875 0.775 0.99921875 0.76805555625 0.9670255750000001 0.7684422609375 0.9703125 0.7763888890625 0.99921875 0.775
1 0.9425296140625001 0.76873650625 0.9418749999999999 0.775 0.946875 0.7763888890625 0.96328125 0.7763888890625 0.962845959375 0.768492465625 0.9425296140625001 0.76873650625
1 0.0390625 0.8638888890624999 0.0385422078125 0.85418163125 0.0140625 0.852777778125 0.0015625 0.847222221875 0 0.859722221875 0.003125 0.8611111109375 0.0046875 0.8513888890624999 0.0078125 0.852777778125 0.008203125 0.8611111109375 0.0140625 0.8625 0.0390625 0.8638888890624999
1 0.36328125 0.8652777781250001 0.36640625 0.8611111109375 0.259375 0.85694444375 0.2584375 0.8652777781250001 0.2503125 0.8652777781250001 0.25234375 0.85694444375 0.2390625 0.85694444375 0.2359375 0.8652777781250001 0.23484375000000002 0.85694444375 0.230625 0.85694444375 0.2310546875 0.8638888890624999 0.226953125 0.8638888890624999 0.22640625 0.85694444375 0.2228515625 0.8638888890624999 0.22218749999999998 0.85694444375 0.21875 0.8638888890624999 0.21796875 0.85694444375 0.0625 0.85555555625 0.0468404875 0.8546575187500001 0.04609375 0.8652777781250001 0.2640625 0.8666666671875 0.26416875 0.8583333328125 0.27219453125 0.8583333328125 0.271875 0.8666666671875 0.34375 0.8666666671875 0.36328125 0.8652777781250001
1 0.99921875 0.85 0.91015625 0.8541666671874999 0.909375 0.8583333328125 0.9140625 0.8625 0.99921875 0.8625 0.99921875 0.85
1 0.09765625 0.9444444437499999 0.10658515625000001 0.9388888890624999 0.10546875 0.9444444437499999 0.109375 0.9444444437499999 0.11060234375 0.9388888890624999 0.11328125 0.9444444437499999 0.14765625 0.9458333328125 0.15 0.95 0.159375 0.9458333328125 0.1931640625 0.9472222218749999 0.18984375 0.940277778125 0.1937765625 0.940277778125 0.197265625 0.9472222218749999 0.19771015625 0.940277778125 0.2013671875 0.9472222218749999 0.20164296875 0.940277778125 0.20557656249999998 0.940277778125 0.20546875 0.9472222218749999 0.21041640625000002 0.9458333328125 0.20950937500000003 0.940277778125 0.21344296875 0.940277778125 0.21458359374999997 0.9458333328125 0.21737578124999998 0.940277778125 0.21953125 0.9472222218749999 0.221875 0.9458333328125 0.221309375 0.940277778125 0.2252421875 0.940277778125 0.22604140625000002 0.9458333328125 0.23310859375 0.940277778125 0.23515625 0.9472222218749999 0.2375 0.9458333328125 0.2370421875 0.940277778125 0.240975 0.940277778125 0.24166640625000002 0.9458333328125 0.24884140625 0.940277778125 0.25078125 0.9472222218749999 0.253125 0.9458333328125 0.252775 0.940277778125 0.2567078125 0.940277778125 0.25755234374999997 0.9458333328125 0.2671875 0.9472222218749999 0.3015625 0.9472222218749999 0.3043144625 0.9423298453125 0.28424062499999997 0.940277778125 0.28125 0.9458333328125 0.28030703125 0.940277778125 0.2685078125 0.940277778125 0.26640625 0.9458333328125 0.26457421875 0.940277778125 0.1890625 0.9388888890624999 0.18828125 0.9458333328125 0.1859375 0.9458333328125 0.185 0.9388888890624999 0.1809375 0.9388888890624999 0.18046875 0.9444444437499999 0.17578125 0.9444444437499999 0.176875 0.9388888890624999 0.17281249999999998 0.9388888890624999 0.17109375 0.9444444437499999 0.16796875 0.9375 0.15078125 0.9361111109375001 0.140625 0.9375 0.140625 0.9444444437499999 0.13671875 0.9444444437499999 0.136328125 0.9375 0.13203125 0.9375 0.1328125 0.9444444437499999 0.12890625 0.9444444437499999 0.127734375 0.9375 0.034375 0.9375 0.03125 0.94305555625 0.03046875 0.9375 0.01875 0.9375 0.015625 0.9444444437499999 0.09375 0.9444444437499999 0.09453125 0.9388888890624999 0.09854921875 0.9388888890624999 0.09765625 0.9444444437499999
0 0.3453125 0.9861111109375 0.32734375 0.977777778125 0.3265625 0.9986111109375001 0.3578125 0.9958333328125001 0.35546875 0.984722221875 0.3453125 0.9861111109375
0 0.771875 0.9986111109375001 0.77890625 0.9611111109375001 0.796875 0.9041666671874999 0.8046875 0.8652777781250001 0.803125 0.8583333328125 0.7984375 0.8611111109375 0.778125 0.902777778125 0.7671875 0.9166666671874999 0.7453125 0.9138888890624999 0.725 0.934722221875 0.71015625 0.9291666671875 0.69921875 0.9361111109375001 0.66875 0.9375 0.640625 0.9305555562500001 0.62265625 0.95 0.62109375 0.9625 0.61328125 0.9666666671874999 0.60234375 0.9638888890624999 0.590625 0.9486111109375001 0.56875 0.8986111109375001 0.5640625 0.89444444375 0.5625 0.9111111109375001 0.565625 0.91944444375 0.6078125 0.9986111109375001 0.771875 0.9986111109375001
3 0.9328125 0.3916666671875 0.93828125 0.41805555625 0.93828125 0.427777778125 0.93515625 0.43333333281249997 0.95078125 0.440277778125 0.9703125 0.4291666671875 0.99921875 0.4263888890625 0.99921875 0.35694444375 0.996875 0.35555555625 0.99609375 0.3458333328125 0.99921875 0.34305555625 0.99921875 0.33055555625 0.9625 0.33194444375 0.9390625 0.34722222187499996 0.93125 0.35972222187499997 0.93125 0.3736111109375 0.93515625 0.3875 0.9328125 0.3916666671875
2 0.29453125 0.6208333328125 0.2828125 0.6208333328125 0.27578125 0.6388888890625 0.27578125 0.652777778125 0.2640625 0.6708333328125 0.2640625 0.690277778125 0.24921875 0.69305555625 0.2640625 0.69305555625 0.27578125 0.7 0.2859375 0.7 0.290625 0.6958333328124999 0.30546875 0.7 0.31328125 0.6958333328124999 0.32109375 0.7 0.340625 0.7 0.34453125 0.6944444437499999 0.37265625 0.69305555625 0.38046875 0.6972222218749999 0.41171875 0.6972222218749999 0.43203125 0.6916666671875 0.44375 0.6958333328124999 0.453125 0.684722221875 0.45234375 0.665277778125 0.44375 0.65 0.43828125 0.65 0.43515625 0.6555555562500001 0.4125 0.6541666671875 0.41328125 0.647222221875 0.42578125 0.6458333328125 0.42109375 0.6416666671875 0.4203125 0.6263888890625 0.4078125 0.6263888890625 0.3921875 0.6152777781250001 0.38828125 0.6236111109375 0.3828125 0.622222221875 0.3765625 0.6138888890625 0.37421875 0.6236111109375 0.35625 0.6236111109375 0.34609375 0.6138888890625 0.3265625 0.6138888890625 0.32578125 0.6125 0.31328125 0.6138888890625 0.3078125 0.6208333328125 0.3 0.6152777781250001 0.29453125 0.6208333328125