1 0 0.527777778125 0.99921875 0.5208333328125 0.99921875 0.50555555625 0.8890625 0.50555555625 0 0.5138888890625 0 0.527777778125
1 0 0.6152777781250001 0.99921875 0.6111111109375 0.99921875 0.602777778125 0.540625 0.6041666671875 0 0.6083333328125 0 0.6152777781250001
1 0.23359375 0.6916666671875 0.1 0.69305555625 0.096875 0.6958333328124999 0.2734375 0.6972222218749999 0.271875 0.69305555625 0.23359375 0.6916666671875
1 0 0.6972222218749999 0.07421875 0.6972222218749999 0.08125 0.69305555625 0.0703125 0.6916666671875 0 0.6916666671875 0 0.6972222218749999
1 0.99921875 0.6861111109375 0.853125 0.684722221875 0.546875 0.690277778125 0.55625 0.6958333328124999 0.590625 0.6972222218749999 0.99921875 0.6944444437499999 0.99921875 0.6861111109375
1 0.4203125 0.7791666671875 0.41953125 0.775 0.4046875 0.772222221875 0.00546875 0.7736111109375 0.00390625 0.7763888890625 0.00703125 0.7791666671875 0.15703125 0.784722221875 0.4203125 0.7791666671875
1 0.99921875 0.7666666671875 0.82109375 0.7666666671875 0.81875 0.7736111109375 0.82734375 0.777777778125 0.99921875 0.7763888890625 0.99921875 0.7666666671875
1 0.5453125 0.7666666671875 0.496875 0.7666666671875 0.49140625 0.772222221875 0.48046875 0.7666666671875 0.4734375 0.7736111109375 0.47578125 0.7791666671875 0.659375 0.7791666671875 0.6671875 0.775 0.5453125 0.7666666671875
1 0.3734375 0.8638888890624999 0.36484375 0.8583333328125 0.00703125 0.852777778125 0.0015625 0.847222221875 0 0.859722221875 0.003125 0.8611111109375 0.046875 0.8652777781250001 0.3734375 0.8638888890624999
1 0.99921875 0.8513888890624999 0.84375 0.85555555625 0.84453125 0.8611111109375 0.85 0.8625 0.99921875 0.859722221875 0.99921875 0.8513888890624999
1 0.15 0.9513888890625 0.15703125 0.9458333328125 0.24375 0.9472222218749999 0.26015625 0.94305555625 0.16484375 0.9375 0.153125 0.9305555562500001 0.138821875 0.9375 0.00234375 0.9375 0 0.9388888890624999 0.00859375 0.9444444437499999 0.13515625 0.9444444437499999 0.15 0.9513888890625
1 0.98203125 0.93194444375 0.86796875 0.9375 0.871875 0.9444444437499999 0.9234375 0.95 0.98984375 0.9388888890624999 0.98203125 0.93194444375
0 0.69921875 0.972222221875 0.715625 0.9041666671874999 0.7203125 0.8652777781250001 0.71796875 0.8583333328125 0.7125 0.859722221875 0.6890625 0.9069444437499999 0.6640625 0.9041666671874999 0.64609375 0.9236111109375 0.62734375 0.925 0.6140625 0.9375 0.56875 0.93194444375 0.55078125 0.95 0.54609375 0.9625 0.5359375 0.9625 0.52734375 0.952777778125 0.49765625 0.890277778125 0.5 0.91805555625 0.5390625 0.9986111109375001 0.696875 0.9986111109375001 0.69921875 0.972222221875
0 0.484375 0.9930555562500001 0.48359375 0.9986111109375001 0.49140625 0.9986111109375001 0.49140625 0.9833333328125 0.484375 0.9930555562500001
3 0.97421875 0.43055555625 0.99921875 0.427777778125 0.99921875 0.33055555625 0.96171875 0.33194444375 0.93984375 0.3458333328125 0.93125 0.35972222187499997 0.934375 0.4361111109375 0.9390625 0.447222221875 0.95078125 0.447222221875 0.97421875 0.43055555625
2 0.34921875 0.6763888890625 0.3421875 0.65 0.3265625 0.6388888890625 0.33125 0.622222221875 0.3265625 0.6166666671875001 0.2859375 0.625 0.27890625 0.6388888890625 0.2796875 0.647222221875 0.26796875 0.66944444375 0.2671875 0.6861111109375 0.275 0.6972222218749999 0.3359375 0.6958333328124999 0.34921875 0.6763888890625
2 0.38515625 0.6958333328124999 0.40859375 0.690277778125 0.4125 0.6833333328125 0.4234375 0.6791666671875001 0.44453125 0.6944444437499999 0.45234375 0.684722221875 0.45625 0.66944444375 0.44765625 0.6555555562500001 0.4140625 0.6583333328125 0.40390625 0.6388888890625 0.40546875 0.627777778125 0.403125 0.622222221875 0.39140625 0.6347222218749999 0.3765625 0.675 0.3671875 0.6888888890625 0.36875 0.69305555625 0.38515625 0.6958333328124999