1 0.00390625 0.1208333328125 0.01328125 0.1263888890625 0.04921875 0.12222222187500001 0.05234375 0.11805555625 0.04140625 0.08333333281250001 0.0015625 0.07638888906249999 0 0.12361111093749999 0.00390625 0.1208333328125
1 0.06640625 0.11944444375 0.13203125 0.1208333328125 0.140625 0.10694444375 0.1390625 0.08333333281250001 0.1421875 0.0736111109375 0.09375 0.0791666671875 0.0734375 0.084722221875 0.0671875 0.09305555625 0.0625 0.109722221875 0.06640625 0.11944444375
1 0.6 0.20277777812500003 0.59921875 0.1986111109375 0.590625 0.197222221875 0.43671875 0.1986111109375 0.44921875 0.20555555625 0.6 0.20277777812500003
1 0.42578125 0.2 0.36015625 0.1986111109375 0.36484375 0.20416666718749998 0.42578125 0.2
1 0.5125 0.2 0.44375 0.1986111109375 0.44375 0.20277777812500003 0.5125 0.2
1 0.6 0.20138888906250002 0.54921875 0.1986111109375 0.546875 0.20138888906250002 0.6 0.20138888906250002
1 0 0.20555555625 0.01015625 0.20416666718749998 0.0078125 0.2 0 0.2 0 0.20555555625
1 0.24140625 0.1888888890625 0.2359375 0.18194444375000002 0.2359375 0.1875 0.24140625 0.1888888890625
1 0.05625 0.20416666718749998 0.0515625 0.20138888906250002 0.0484375 0.20416666718749998 0.05625 0.20416666718749998
1 0.4140625 0.20138888906250002 0.36015625 0.1986111109375 0.36015625 0.20277777812500003 0.4140625 0.20138888906250002
1 0 0.36944444375 0.0765625 0.36944444375 0.078125 0.3763888890625 0.08125 0.3763888890625 0.08359375 0.36944444375 0.10078125 0.36666666718749996 0.06875 0.3625 0 0.3625 0 0.36944444375
1 0.78515625 0.36944444375 0.78046875 0.3638888890625 0.703125 0.365277778125 0.7046875 0.36944444375 0.78515625 0.36944444375
1 0.928125 0.36944444375 0.94921875 0.36805555624999997 0.946875 0.3638888890625 0.92578125 0.3638888890625 0.925 0.36805555624999997 0.928125 0.36944444375
1 0.6765625 0.36805555624999997 0.67421875 0.3638888890625 0.65234375 0.365277778125 0.65078125 0.36805555624999997 0.6765625 0.36805555624999997
1 0.82890625 0.36944444375 0.84921875 0.36805555624999997 0.82578125 0.3638888890625 0.825 0.36805555624999997 0.82890625 0.36944444375
1 0.1703125 0.36805555624999997 0.16953125 0.3638888890625 0.16171875 0.365277778125 0.16171875 0.36944444375 0.1703125 0.36805555624999997
1 0.40703125 0.36666666718749996 0.403125 0.3638888890625 0.40078125 0.36805555624999997 0.40703125 0.36666666718749996
1 0.1375 0.36944444375 0.15078125 0.36805555624999997 0.14609375 0.3611111109375 0.134375 0.3611111109375 0.1328125 0.365277778125 0.1375 0.36944444375
1 0 0.45416666718750004 0.07578125 0.45416666718750004 0.11875 0.44166666718750003 0.11875 0.4361111109375 0.13203125 0.415277778125 0.1328125 0.36944444375 0.12890625 0.36666666718749996 0.11328125 0.36944444375 0.08046875 0.3611111109375 0.00390625 0.3638888890625 0 0.365277778125 0 0.45416666718750004
1 0 0.534722221875 0.0784283375 0.53434436875 0.04296875 0.527777778125 0 0.5305555562500001 0 0.534722221875
1 0.09375 0.5305555562500001 0.08172376718749999 0.534328490625 0.28828125 0.5333333328125 0.09375 0.5305555562500001
1 0.83515625 0.5375 0.840625 0.5333333328125 0.75 0.5305555562500001 0.72890625 0.5319444437499999 0.72734375 0.5375 0.721875 0.5333333328125 0.728125 0.5388888890625 0.83515625 0.5375
1 0.49453125 0.5333333328125 0.31875 0.5305555562500001 0.31328125 0.5333333328125 0.49453125 0.5333333328125
1 0.6765625 0.5375 0.71953125 0.5361111109375 0.71875 0.5319444437499999 0.67421875 0.5319444437499999 0.6734375 0.5361111109375 0.6765625 0.5375
1 0.6125 0.5333333328125 0.53046875 0.5305555562500001 0.51171875 0.5333333328125 0.6125 0.5333333328125
1 0.88046875 0.5388888890625 0.9 0.5361111109375 0.8984375 0.5319444437499999 0.8796875 0.5333333328125 0.87734375 0.5361111109375 0.88046875 0.5388888890625
1 0.99921875 0.534722221875 0.99921875 0.5305555562500001 0.9921875 0.5305555562500001 0.9859375 0.5333333328125 0.99921875 0.534722221875
1 0.328125 0.7013888890625 0.4390625 0.702777778125 0.78515625 0.702777778125 0.8015625 0.6986111109375 0.325 0.6958333328124999 0.32421875 0.7 0.328125 0.7013888890625
1 0 0.7 0.2859375 0.702777778125 0.30234375 0.6972222218749999 0.14375 0.69305555625 0 0.69305555625 0 0.7
1 0.85390625 0.7013888890625 0.925 0.7013888890625 0.9296875 0.6972222218749999 0.853125 0.6958333328124999 0.8515625 0.7 0.85390625 0.7013888890625
1 0.9828125 0.7013888890625 0.9875 0.6972222218749999 0.94453125 0.6958333328124999 0.95234375 0.7013888890625 0.9828125 0.7013888890625
1 0.8921875 0.61944444375 0.99921875 0.61944444375 0.99921875 0.6083333328125 0.890625 0.6125 0.8890625 0.6166666671875001 0.8921875 0.61944444375
1 0.290625 0.6138888890625 0.2765625 0.6125 0.278125 0.6166666671875001 0.290625 0.6138888890625
1 0.10546875 0.6138888890625 0.1 0.609722221875 0.07578125 0.6125 0.07578125 0.6166666671875001 0.10546875 0.6138888890625
1 0.5640625 0.61944444375 0.5703125 0.6138888890625 0.54296875 0.60694444375 0.5375 0.6152777781250001 0.5640625 0.61944444375
1 0.07734375 0.8666666671875 0.3765625 0.8708333328125001 0.74765625 0.8680555562500001 0.746875 0.8625 0.7421875 0.8611111109375 0.7046875 0.85694444375 0.6890625 0.85694444375 0.68828125 0.8611111109375 0.6734375 0.85694444375 0.6703125 0.8611111109375 0.6578125 0.85694444375 0.6546875 0.8611111109375 0.64375 0.8611111109375 0.6421875 0.85694444375 0.63984375 0.8611111109375 0.6265625 0.85694444375 0.615625 0.8611111109375 0.61171875 0.85694444375 0.4546875 0.85555555625 0.071875 0.85694444375 0.06875 0.8611111109375 0.07734375 0.8666666671875
1 0 0.8652777781250001 0.02265625 0.8638888890624999 0.02734375 0.85694444375 0.02578125 0.8444444437499999 0.01015625 0.840277778125 0 0.840277778125 0 0.8652777781250001
1 0.88203125 0.784722221875 0.8984375 0.7819444437499999 0.896875 0.777777778125 0.87578125 0.777777778125 0.875 0.7833333328125 0.88203125 0.784722221875
1 0.1734375 0.95 0.22578125 0.9513888890625 0.72421875 0.952777778125 0.71328125 0.9472222218749999 0.37265625 0.9388888890624999 0.16796875 0.9416666671874999 0.1671875 0.9472222218749999 0.1734375 0.95
1 0 0.9486111109375001 0.08515625 0.9486111109375001 0.1046875 0.94305555625 0.0859375 0.940277778125 0 0.940277778125 0 0.9486111109375001
1 0.23671875 0.7791666671875 0.20234375 0.777777778125 0.203125 0.7819444437499999 0.23671875 0.7791666671875
1 0.32734375 0.7819444437499999 0.3296875 0.772222221875 0.3234375 0.7791666671875 0.2984375 0.777777778125 0.29765625 0.7819444437499999 0.32734375 0.7819444437499999
1 0.65 0.7861111109375 0.65546875 0.7819444437499999 0.65390625 0.777777778125 0.63671875 0.7805555562500001 0.634375 0.7833333328125 0.65 0.7861111109375
2 0.24375 0.1625 0.2671875 0.1458333328125 0.2734375 0.13194444375 0.28515625 0.12222222187500001 0.3078125 0.11944444375 0.309375 0.0861111109375 0.31171875 0.07638888906249999 0.31953125 0.06805555625000001 0.31875 0.052777778124999994 0.31796875 0.0486111109375 0.3109375 0.0513888890625 0.296875 0.04444444375 0.284375 0.06944444375 0.27421875 0.07638888906249999 0.20234375 0.0791666671875 0.19453125 0.075 0.18828125 0.0791666671875 0.18046875 0.0986111109375 0.18125 0.12222222187500001 0.24375 0.1625
2 0.49296875 0.11805555625 0.5953125 0.11944444375 0.60703125 0.115277778125 0.61484375 0.1208333328125 0.634375 0.115277778125 0.64765625 0.1208333328125 0.6640625 0.1125 0.68515625 0.11944444375 0.72890625 0.1166666671875 0.7375 0.12222222187500001 0.74453125 0.115277778125 0.75859375 0.11388888906250001 0.7546875 0.09444444375 0.75078125 0.09305555625 0.74765625 0.058333332812500006 0.74453125 0.054166667187499996 0.7171875 0.077777778125 0.6890625 0.072222221875 0.6765625 0.0875 0.665625 0.0791666671875 0.66171875 0.06944444375 0.65234375 0.0736111109375 0.6234375 0.072222221875 0.61640625 0.06527777812499999 0.6015625 0.06527777812499999 0.59375 0.0513888890625 0.5875 0.054166667187499996 0.57578125 0.0736111109375 0.53203125 0.0736111109375 0.51640625 0.061111110937500004 0.5203125 0.040277778125000004 0.5125 0.040277778125000004 0.5078125 0.047222221875 0.49296875 0.0986111109375 0.490625 0.1111111109375 0.49296875 0.11805555625
2 0.78828125 0.08333333281250001 0.78828125 0.0916666671875 0.78203125 0.0986111109375 0.78203125 0.115277778125 0.78984375 0.1208333328125 0.80546875 0.10833333281249999 0.815625 0.109722221875 0.82109375 0.11805555625 0.84609375 0.11944444375 0.85546875 0.109722221875 0.86484375 0.090277778125 0.86484375 0.08333333281250001 0.8578125 0.08333333281250001 0.84921875 0.07083333281250001 0.8421875 0.040277778125000004 0.78984375 0.0513888890625 0.778125 0.07083333281250001 0.778125 0.07638888906249999 0.78828125 0.08333333281250001
2 0.41328125 0.28611111093749997 0.43125 0.2875 0.45078125 0.28194444375 0.4859375 0.28611111093749997 0.49453125 0.2791666671875 0.5015625 0.28611111093749997 0.58046875 0.28611111093749997 0.60234375 0.2708333328125 0.59296875 0.259722221875 0.59140625 0.23472222187499997 0.59453125 0.23194444375 0.5953125 0.215277778125 0.59140625 0.20694444375 0.584375 0.2138888890625 0.584375 0.2236111109375 0.5671875 0.2388888890625 0.53671875 0.2388888890625 0.52109375 0.2611111109375 0.5171875 0.2611111109375 0.5 0.22916666718749998 0.49765625 0.215277778125 0.490625 0.2138888890625 0.4875 0.2236111109375 0.47421875 0.23472222187499997 0.44609375 0.2388888890625 0.42734375 0.26944444375 0.41171875 0.275 0.409375 0.2791666671875 0.41328125 0.28611111093749997
2 0.3453125 0.28611111093749997 0.38984375 0.28194444375 0.4 0.2708333328125 0.39921875 0.25833333281250004 0.40625 0.24722222187499998 0.384375 0.22638888906250001 0.384375 0.215277778125 0.38046875 0.2125 0.3734375 0.22638888906250001 0.36484375 0.22916666718749998 0.365625 0.24722222187499998 0.34453125 0.27638888906250003 0.34296875 0.2833333328125 0.3453125 0.28611111093749997
2 0 0.272222221875 0.00546875 0.272222221875 0.0078125 0.28611111093749997 0.02890625 0.2888888890625 0.05 0.28194444375 0.053125 0.26805555625 0.05234375 0.22638888906250001 0.0484375 0.23472222187499997 0.034375 0.24444444375000002 0.0140625 0.2388888890625 0.003125 0.22777777812500002 0 0.22916666718749998 0 0.272222221875
2 0.89375 0.2875 0.90390625 0.27777777812500004 0.90390625 0.2666666671875 0.89765625 0.26805555625 0.89375 0.2625 0.896875 0.24444444375000002 0.90546875 0.23611111093749998 0.9046875 0.215277778125 0.9 0.215277778125 0.89296875 0.23194444375 0.87578125 0.24583333281250003 0.8609375 0.23194444375 0.86328125 0.215277778125 0.8578125 0.2138888890625 0.83828125 0.25555555625 0.8203125 0.240277778125 0.821875 0.23194444375 0.81875 0.2236111109375 0.803125 0.2416666671875 0.78984375 0.24583333281250003 0.76640625 0.240277778125 0.7578125 0.24722222187499998 0.759375 0.28611111093749997 0.89375 0.2875
2 0.60078125 0.27777777812500004 0.60078125 0.2833333328125 0.6234375 0.28611111093749997 0.63125 0.3 0.63046875 0.3166666671875 0.63359375 0.31944444375000003 0.64140625 0.3138888890625 0.64921875 0.28194444375 0.65703125 0.2736111109375 0.6625 0.272222221875 0.6796875 0.28611111093749997 0.7046875 0.28194444375 0.70859375 0.28611111093749997 0.7296875 0.28611111093749997 0.73828125 0.28055555625 0.7453125 0.2611111109375 0.740625 0.24722222187499998 0.721875 0.2388888890625 0.72109375 0.20833333281250002 0.7125 0.215277778125 0.71015625 0.2236111109375 0.703125 0.225 0.696875 0.21944444375 0.678125 0.24444444375000002 0.6640625 0.2388888890625 0.6671875 0.215277778125 0.6609375 0.2125 0.6484375 0.2416666671875 0.62578125 0.24583333281250003 0.61328125 0.26944444375 0.60078125 0.27777777812500004
2 0.08984375 0.2736111109375 0.08359375 0.28055555625 0.07109375 0.2791666671875 0.07109375 0.28611111093749997 0.2828125 0.28611111093749997 0.290625 0.28055555625 0.29453125 0.28611111093749997 0.31875 0.28472222187499996 0.3265625 0.28055555625 0.33125 0.2638888890625 0.33046875 0.2375 0.32578125 0.2166666671875 0.31953125 0.23055555625 0.29296875 0.2486111109375 0.2875 0.24305555625 0.24140625 0.2416666671875 0.23671875 0.2236111109375 0.23984375 0.215277778125 0.234375 0.2138888890625 0.2234375 0.23472222187499997 0.21484375 0.240277778125 0.19765625 0.240277778125 0.17578125 0.272222221875 0.1609375 0.25833333281250004 0.15546875 0.2416666671875 0.15 0.23611111093749998 0.13984375 0.2375 0.13203125 0.23055555625 0.1265625 0.23194444375 0.12421875 0.240277778125 0.11171875 0.2416666671875 0.1078125 0.23472222187499997 0.10390625 0.23611111093749998 0.0953125 0.2486111109375 0.08984375 0.2736111109375
2 0.4140625 0.115277778125 0.44375 0.11944444375 0.4515625 0.1111111109375 0.45859375 0.115277778125 0.46796875 0.1111111109375 0.47578125 0.1 0.47421875 0.09444444375 0.46328125 0.0916666671875 0.4625 0.075 0.459375 0.072222221875 0.4390625 0.08055555625000001 0.43671875 0.0916666671875 0.4140625 0.115277778125
2 0.3625 0.115277778125 0.371875 0.1041666671875 0.38984375 0.1041666671875 0.39765625 0.0916666671875 0.3921875 0.0791666671875 0.37578125 0.08333333281250001 0.37109375 0.0736111109375 0.36015625 0.08333333281250001 0.353125 0.1 0.3625 0.115277778125
2 0.33515625 0.115277778125 0.39453125 0.11944444375 0.40390625 0.10694444375 0.3921875 0.0791666671875 0.3734375 0.072222221875 0.37265625 0.061111110937500004 0.36953125 0.0625 0.36875 0.0736111109375 0.33515625 0.115277778125
2 0.36171875 0.447222221875 0.459375 0.4486111109375 0.50078125 0.45694444375 0.51171875 0.4458333328125 0.5203125 0.45 0.5421875 0.447222221875 0.55078125 0.4513888890625 0.65 0.45416666718750004 0.65859375 0.4611111109375 0.65625 0.48194444374999995 0.6484375 0.5013888890625 0.65390625 0.5125 0.66171875 0.5083333328124999 0.68125 0.45 0.690625 0.45416666718750004 0.75546875 0.45277777812500003 0.7625 0.4458333328125 0.77109375 0.4513888890625 0.80546875 0.4513888890625 0.82265625 0.44444444375 0.8296875 0.45 0.84140625 0.4458333328125 0.84453125 0.4513888890625 0.9171875 0.4513888890625 0.9265625 0.4458333328125 0.94140625 0.4513888890625 0.953125 0.4388888890625 0.95 0.4236111109375 0.9515625 0.40277777812500004 0.9453125 0.40277777812500004 0.93984375 0.40972222187499996 0.9328125 0.4 0.92578125 0.3986111109375 0.9140625 0.40694444374999994 0.88203125 0.40694444374999994 0.87265625 0.4125 0.8640625 0.40694444374999994 0.83671875 0.40555555625000006 0.8296875 0.4125 0.81328125 0.40555555625000006 0.803125 0.40694444374999994 0.79765625 0.39444444375 0.8015625 0.372222221875 0.7953125 0.36666666718749996 0.7046875 0.36666666718749996 0.56953125 0.40277777812500004 0.56328125 0.39444444375 0.56015625 0.40972222187499996 0.54765625 0.41805555625 0.5375 0.4361111109375 0.5296875 0.4388888890625 0.52265625 0.43333333281249997 0.5171875 0.40694444374999994 0.50625 0.40694444374999994 0.503125 0.39305555625 0.50546875 0.38333333281250004 0.5015625 0.372222221875 0.48984375 0.3861111109375 0.478125 0.38055555625 0.4703125 0.39027777812500003 0.46640625 0.40694444374999994 0.4515625 0.4125 0.4375 0.40833333281249995 0.42265625 0.41111111093749997 0.41015625 0.39444444375 0.41328125 0.3888888890625 0.4125 0.375 0.403125 0.375 0.3828125 0.427777778125 0.36171875 0.447222221875
2 0.203125 0.45 0.359375 0.447222221875 0.35 0.40416666718750005 0.35078125 0.3916666671875 0.35546875 0.38055555625 0.35234375 0.375 0.34609375 0.3763888890625 0.34140625 0.3916666671875 0.22109375 0.39444444375 0.21796875 0.41944444374999995 0.2078125 0.4291666671875 0.2046875 0.4263888890625 0.20234375 0.43333333281249997 0.19921875 0.447222221875 0.203125 0.45
2 0.12890625 0.40694444374999994 0.1328125 0.4236111109375 0.12265625 0.447222221875 0.13125 0.447222221875 0.1421875 0.44166666718750003 0.14609375 0.43333333281249997 0.15390625 0.43333333281249997 0.15625 0.44305555625000004 0.16171875 0.447222221875 0.16796875 0.44305555625000004 0.1734375 0.4486111109375 0.19765625 0.45 0.19765625 0.4263888890625 0.18046875 0.39027777812500003 0.18359375 0.38194444375000003 0.18203125 0.372222221875 0.1671875 0.36805555624999997 0.14895859375 0.3791666671875 0.13359375 0.3763888890625 0.12890625 0.38333333281250004 0.13125 0.3916666671875 0.12890625 0.40694444374999994
2 0.4140625 0.3583333328125 0.425 0.34861111093749997 0.4390625 0.3111111109375 0.45078125 0.26527777812500003 0.41171875 0.34305555625 0.4109375 0.3541666671875 0.4140625 0.3583333328125
2 0 0.6138888890625 0.01875 0.6152777781250001 0.028125 0.6083333328125 0.0328125 0.6152777781250001 0.06015625 0.6166666671875001 0.065625 0.6138888890625 0.071875 0.6 0.071875 0.5930555562500001 0.0671875 0.597222221875 0.06328125 0.58055555625 0.071875 0.5513888890625 0.06796875 0.5513888890625 0.0609375 0.5708333328124999 0.05546875 0.5694444437499999 0.04375 0.5791666671875 0.03984375 0.575 0.03828125 0.5625 0.0125 0.56805555625 0.0078125 0.5736111109375 0 0.5916666671875 0 0.6138888890625
2 0.10703125 0.6125 0.11015625 0.6152777781250001 0.1515625 0.6152777781250001 0.16171875 0.5930555562500001 0.1546875 0.575 0.140625 0.56805555625 0.146875 0.54444444375 0.146875 0.5375 0.1421875 0.5361111109375 0.13359375 0.55 0.12265625 0.5486111109375 0.11640625 0.56805555625 0.12421875 0.5694444437499999 0.11953125 0.5930555562500001 0.11015625 0.5916666671875 0.10859375 0.5958333328125 0.1109375 0.60694444375 0.10703125 0.6125
2 0.19609375 0.6152777781250001 0.26328125 0.6152777781250001 0.271875 0.60555555625 0.2765625 0.590277778125 0.26875 0.590277778125 0.2640625 0.5722222218749999 0.265625 0.5583333328125 0.25703125 0.5694444437499999 0.2390625 0.5736111109375 0.196875 0.565277778125 0.18828125 0.5958333328125 0.18125 0.6083333328125 0.18125 0.6125 0.19609375 0.6152777781250001
2 0.3796875 0.6180555562500001 0.4 0.6138888890625 0.428125 0.6166666671875001 0.43515625 0.6111111109375 0.44296875 0.590277778125 0.43515625 0.5722222218749999 0.42109375 0.575 0.415625 0.5666666671875 0.4234375 0.5458333328125 0.41875 0.5361111109375 0.4109375 0.5486111109375 0.39296875 0.5513888890625 0.38359375 0.5666666671875 0.3796875 0.590277778125 0.36953125 0.6111111109375 0.36875 0.6152777781250001 0.3796875 0.6180555562500001
2 0.321875 0.6263888890625 0.31796875 0.65 0.32578125 0.652777778125 0.35078125 0.6013888890625 0.34921875 0.5833333328125 0.35859375 0.5625 0.36015625 0.5486111109375 0.353125 0.547222221875 0.33984375 0.575 0.32109375 0.575 0.30859375 0.5986111109375 0.3078125 0.602777778125 0.321875 0.6263888890625
2 0.4890625 0.6166666671875001 0.5125 0.6111111109375 0.5171875 0.6152777781250001 0.52421875 0.60555555625 0.53203125 0.60555555625 0.5328125 0.609722221875 0.5390625 0.575 0.5171875 0.577777778125 0.48984375 0.540277778125 0.48203125 0.5527777781250001 0.471875 0.5888888890625 0.46171875 0.609722221875 0.4609375 0.6138888890625 0.4890625 0.6166666671875001
2 0.56328125 0.6138888890625 0.61484375 0.6166666671875001 0.6203125 0.6125 0.6265625 0.6166666671875001 0.67265625 0.6152777781250001 0.684375 0.61944444375 0.70390625 0.6152777781250001 0.86953125 0.6166666671875001 0.88046875 0.6 0.88046875 0.5944444437499999 0.86953125 0.584722221875 0.87265625 0.5638888890625 0.88203125 0.5388888890625 0.875 0.54305555625 0.73046875 0.5375 0.72421875 0.5333333328125 0.71796875 0.5388888890625 0.7078125 0.5694444437499999 0.6875 0.5944444437499999 0.67734375 0.5930555562500001 0.6703125 0.58055555625 0.67734375 0.559722221875 0.67734375 0.54305555625 0.671875 0.54444444375 0.66484375 0.5625 0.6375 0.5763888890625 0.62265625 0.5708333328124999 0.61953125 0.575 0.59921875 0.5722222218749999 0.59140625 0.5763888890625 0.57734375 0.6041666671875 0.56328125 0.6138888890625
2 0.10546875 0.775 0.11875 0.7805555562500001 0.1375 0.7791666671875 0.14609375 0.7708333328125 0.14921875 0.7805555562500001 0.17265625 0.7805555562500001 0.178125 0.784722221875 0.17421875 0.8111111109375001 0.18359375 0.7875 0.2 0.777777778125 0.21328125 0.7486111109375 0.2 0.727777778125 0.1953125 0.727777778125 0.18984375 0.7375 0.16953125 0.734722221875 0.1640625 0.7388888890625 0.159375 0.727777778125 0.16484375 0.7083333328125 0.1625 0.702777778125 0.15703125 0.702777778125 0.14609375 0.7263888890625 0.13671875 0.7333333328125 0.1328125 0.725 0.12578125 0.725 0.121875 0.7375 0.09453125 0.7708333328125 0.09453125 0.7805555562500001 0.10546875 0.775
2 0.028125 0.7388888890625 0 0.7763888890625 0.0234375 0.7791666671875 0.03046875 0.772222221875 0.0390625 0.7791666671875 0.071875 0.7805555562500001 0.090625 0.7666666671875 0.0828125 0.727777778125 0.07578125 0.727777778125 0.046875 0.7013888890625 0.04140625 0.7013888890625 0.0328125 0.7180555562500001 0.028125 0.7388888890625
2 0.2421875 0.7805555562500001 0.27578125 0.777777778125 0.28828125 0.7819444437499999 0.30234375 0.7583333328124999 0.30234375 0.7513888890625 0.29453125 0.7402777781250001 0.28046875 0.7430555562500001 0.27890625 0.7333333328125 0.28515625 0.7166666671875 0.28515625 0.70555555625 0.278125 0.702777778125 0.2640625 0.73055555625 0.2578125 0.727777778125 0.25546875 0.7208333328125 0.24765625 0.73194444375 0.25078125 0.7361111109375 0.25 0.7430555562500001 0.23984375 0.7666666671875 0.2390625 0.777777778125 0.2421875 0.7805555562500001
2 0.32734375 0.7791666671875 0.41953125 0.7805555562500001 0.434375 0.7486111109375 0.42109375 0.7333333328125 0.42265625 0.7194444437499999 0.428125 0.715277778125 0.428125 0.7111111109375 0.4234375 0.7138888890625 0.42109375 0.709722221875 0.4140625 0.715277778125 0.4125 0.7236111109375 0.40390625 0.7125 0.3984375 0.7138888890625 0.3953125 0.7236111109375 0.3765625 0.7375 0.35859375 0.7361111109375 0.35234375 0.7236111109375 0.353125 0.715277778125 0.33671875 0.73194444375 0.34140625 0.7402777781250001 0.32734375 0.7791666671875
2 0.5421875 0.7819444437499999 0.55390625 0.7638888890625 0.553125 0.734722221875 0.55625 0.7138888890625 0.55 0.709722221875 0.541015625 0.7284722218749999 0.52265625 0.7416666671875001 0.51328125 0.7361111109375 0.47421875 0.734722221875 0.46171875 0.747222221875 0.46328125 0.7513888890625 0.45859375 0.7597222218749999 0.4390625 0.775 0.4390625 0.7819444437499999 0.5421875 0.7819444437499999
2 0.75078125 0.7819444437499999 0.78671875 0.7805555562500001 0.79453125 0.7583333328124999 0.7953125 0.7430555562500001 0.7765625 0.7430555562500001 0.771875 0.75 0.76015625 0.7430555562500001 0.75625 0.73194444375 0.76328125 0.722222221875 0.76484375 0.7125 0.759375 0.70694444375 0.7515625 0.7166666671875 0.73203125 0.7666666671875 0.73203125 0.772222221875 0.75078125 0.7819444437499999
2 0.5609375 0.7819444437499999 0.56171875 0.7875 0.59296875 0.7805555562500001 0.70546875 0.7819444437499999 0.7171875 0.772222221875 0.72109375 0.7611111109375 0.71328125 0.7430555562500001 0.7046875 0.7402777781250001 0.6984375 0.73055555625 0.703125 0.7166666671875 0.69765625 0.70694444375 0.6875 0.7166666671875 0.67265625 0.7166666671875 0.65625 0.7402777781250001 0.6375 0.7361111109375 0.63671875 0.7166666671875 0.63046875 0.7138888890625 0.62421875 0.7263888890625 0.61015625 0.7375 0.590625 0.73055555625 0.58515625 0.7430555562500001 0.571875 0.747222221875 0.5671875 0.7361111109375 0.5625 0.7458333328125 0.565625 0.772222221875 0.5609375 0.7819444437499999