2 0.28828125 0.7 0.46015625 0.6986111109375 0.49375 0.70555555625 0.503125 0.6986111109375 0.54453125 0.7 0.553125 0.6958333328124999 0.6578125 0.7 0.67109375 0.6916666671875 0.678125 0.6583333328125 0.675 0.6583333328125 0.67265625 0.6291666671875 0.66953125 0.6263888890625 0.65390625 0.6513888890625 0.63359375 0.652777778125 0.6171875 0.6833333328125 0.6109375 0.6875 0.60234375 0.6736111109375 0.5953125 0.675 0.58515625 0.6569444437499999 0.5859375 0.6416666671875 0.59140625 0.627777778125 0.58828125 0.622222221875 0.58046875 0.622222221875 0.5703125 0.6375 0.56953125 0.652777778125 0.56640625 0.6555555562500001 0.540625 0.6416666671875 0.5359375 0.6208333328125 0.5265625 0.6236111109375 0.51796875 0.647222221875 0.50859375 0.64444444375 0.50390625 0.6486111109375 0.5015625 0.64444444375 0.4984375 0.6555555562500001 0.46484375 0.6513888890625 0.453125 0.64444444375 0.44296875 0.6236111109375 0.43828125 0.622222221875 0.43046875 0.63055555625 0.4265625 0.64444444375 0.38984375 0.6638888890625 0.3828125 0.6569444437499999 0.3625 0.6555555562500001 0.353125 0.64444444375 0.3484375 0.6486111109375 0.34296875 0.64305555625 0.340625 0.6291666671875 0.3296875 0.6291666671875 0.31796875 0.6638888890625 0.3140625 0.6638888890625 0.3109375 0.6736111109375 0.28828125 0.7
2 0.271875 0.7013888890625 0.290625 0.6861111109375 0.2921875 0.6736111109375 0.265625 0.6319444437499999 0.2640625 0.6236111109375 0.259375 0.622222221875 0.23828125 0.6333333328124999 0.2203125 0.63055555625 0.2125 0.65 0.215625 0.6555555562500001 0.21484375 0.6666666671875 0.20234375 0.6777777781250001 0.2046875 0.7 0.2171875 0.70555555625 0.23984375 0.6986111109375 0.271875 0.7013888890625
2 0.7375 0.6805555562500001 0.7296875 0.6583333328125 0.72578125 0.6555555562500001 0.7359375 0.622222221875 0.7328125 0.6180555562500001 0.7203125 0.61944444375 0.71484375 0.6319444437499999 0.7046875 0.6361111109375 0.68828125 0.6805555562500001 0.6859375 0.690277778125 0.6890625 0.6972222218749999 0.7359375 0.6944444437499999 0.7375 0.6805555562500001
3 0.884375 0.4611111109375 0.88828125 0.4611111109375 0.89296875 0.44166666718750003 0.9140625 0.4361111109375 0.99921875 0.4458333328125 0.99921875 0.3291666671875 0.99375 0.32777777812500003 0.9828125 0.302777778125 0.96953125 0.302777778125 0.955859375 0.3166666671875 0.9390625 0.3166666671875 0.9234375 0.3291666671875 0.8921875 0.3375 0.8734375 0.352777778125 0.86015625 0.38055555625 0.859375 0.41111111093749997 0.86484375 0.4388888890625 0.871875 0.4513888890625 0.884375 0.4611111109375
1 0 0.525 0.06609374999999999 0.525 0.07421875 0.5333333328125 0.81484375 0.527777778125 0.86640625 0.525 0.8796875 0.5166666671875 0.99921875 0.525 0.99921875 0.5097222218749999 0.078125 0.51805555625 0 0.51944444375 0 0.525
1 0 0.6208333328125 0.99375 0.6152777781250001 0.99921875 0.6138888890625 0.99921875 0.6083333328125 0.6578125 0.609722221875 0.64399765625 0.6166666671875001 0.64007265625 0.6166666671875001 0.63953125 0.6111111109375 0.08359375 0.6125 0 0.6138888890625 0 0.6208333328125
1 0 0.70694444375 0.2390625 0.7041666671875 0.2328125 0.6972222218749999 0.2 0.69305555625 0.19609375 0.6986111109375 0 0.6958333328124999 0 0.70694444375
1 0.99921875 0.6888888890625 0.99453125 0.684722221875 0.9921875 0.6888888890625 0.98515625 0.684722221875 0.9763023437499999 0.6916666671875 0.96015625 0.69305555625 0.93515625 0.6888888890625 0.8890625 0.69305555625 0.890625 0.6972222218749999 0.9546875 0.7013888890625 0.99921875 0.6972222218749999 0.99921875 0.6888888890625
1 0.31015625 0.6944444437499999 0.2765625 0.6958333328124999 0.27265625 0.7 0.259375 0.69305555625 0.25 0.7013888890625 0.24765625 0.7041666671875 0.32578125 0.7041666671875 0.3390625 0.7 0.31015625 0.6944444437499999
1 0.740625 0.690277778125 0.73203125 0.684722221875 0.71796875 0.6972222218749999 0.7984375 0.7 0.803125 0.6958333328124999 0.740625 0.690277778125
1 0.55234375 0.6875 0.540625 0.69305555625 0.5328125 0.6861111109375 0.52578125 0.7 0.51875 0.6944444437499999 0.5015625 0.6944444437499999 0.5015625 0.7013888890625 0.540625 0.7013888890625 0.55546875 0.6958333328124999 0.55234375 0.6875
1 0.659375 0.7013888890625 0.66796875 0.6944444437499999 0.678125 0.6958333328124999 0.66953125 0.6875 0.63828125 0.6916666671875 0.62578125 0.6958333328124999 0.62578125 0.7 0.65390625 0.6972222218749999 0.659375 0.7013888890625
1 0.39296875 0.6958333328124999 0.38828125 0.6916666671875 0.375 0.6972222218749999 0.375 0.7013888890625 0.4390625 0.7 0.434375 0.6944444437499999 0.39296875 0.6958333328124999
1 0.6015625 0.6916666671875 0.5921875 0.6958333328124999 0.6109375 0.7013888890625 0.61875 0.6972222218749999 0.61796875 0.69305555625 0.6015625 0.6916666671875
1 0.55859375 0.69305555625 0.5640625 0.7013888890625 0.5828125 0.6958333328124999 0.56484375 0.6888888890625 0.55859375 0.69305555625
1 0.35234375 0.69305555625 0.34375 0.6986111109375 0.34375 0.7041666671875 0.36796875 0.7 0.35234375 0.69305555625
1 0.7046875 0.6888888890625 0.6984375 0.6972222218749999 0.69296875 0.690277778125 0.684375 0.6944444437499999 0.68828125 0.7 0.709375 0.6986111109375 0.7171875 0.6888888890625 0.7046875 0.6888888890625
1 0 0.7875 0.5359375 0.7861111109375 0.6375 0.7833333328125 0.6421875 0.7791666671875 0.16953125 0.7819444437499999 0.08359375 0.777777778125 0 0.7805555562500001 0 0.7875
1 0.75859375 0.7763888890625 0.7015625 0.777777778125 0.70078125 0.7819444437499999 0.70390625 0.7833333328125 0.76171875 0.7805555562500001 0.75859375 0.7763888890625
1 0.99921875 0.7736111109375 0.94921875 0.7736111109375 0.9453125 0.775 0.9515625 0.7791666671875 0.99921875 0.7791666671875 0.99921875 0.7736111109375
1 0.915625 0.777777778125 0.87578125 0.7763888890625 0.87578125 0.7819444437499999 0.8828125 0.7833333328125 0.91171875 0.7819444437499999 0.915625 0.777777778125
1 0 0.86944444375 0.6140625 0.86944444375 0.72578125 0.8638888890624999 0.70078125 0.852777778125 0.678125 0.8583333328125 0.66953125 0.852777778125 0.35625 0.8513888890624999 0.2734375 0.85555555625 0.22890625 0.85 0.1734375 0.8541666671874999 0.165625 0.8486111109375001 0.109375 0.8541666671874999 0.0796875 0.8486111109375001 0.0734375 0.85694444375 0.06875 0.852777778125 0 0.85555555625 0 0.86944444375
1 0 0.9486111109375001 0.29296875 0.9541666671875 0.6875 0.9486111109375001 0.68515625 0.9444444437499999 0.22990703125 0.9444444437499999 0.07890625 0.9388888890624999 0 0.9416666671874999 0 0.9486111109375001
1 0.0890625 0.8333333328125001 0.09296875 0.7833333328125 0.090625 0.7791666671875 0.0796875 0.7819444437499999 0.0859375 0.997222221875 0.0953125 0.9986111109375001 0.0953125 0.8680555562500001 0.0890625 0.8333333328125001
1 0.99921875 0.85 0.98046875 0.852777778125 0.97734375 0.859722221875 0.9796875 0.872222221875 0.99921875 0.8763888890624999 0.99921875 0.85
0 0.9546875 0.9930555562500001 0.925 0.9625 0.91171875 0.9291666671875 0.91171875 0.9694444437499999 0.92734375 0.9986111109375001 0.9546875 0.9986111109375001 0.9546875 0.9930555562500001
0 0.9734375 0.9902777781250001 0.97265625 0.9986111109375001 0.99921875 0.9986111109375001 0.99921875 0.9763888890624999 0.9734375 0.9902777781250001