1 0 0.527777778125 0.12734375 0.527777778125 0.14921875 0.5236111109375 0.2515625 0.527777778125 0.56015625 0.525 0.5671875 0.51944444375 0.590625 0.51805555625 0.5953125 0.5236111109375 0.99609375 0.522222221875 0.99921875 0.5208333328125 0.99921875 0.50555555625 0.99526796875 0.50555555625 0.27109375 0.5138888890625 0 0.5125 0 0.527777778125
1 0 0.6152777781250001 0.40546875 0.6166666671875001 0.50078125 0.6125 0.99921875 0.6111111109375 0.99921875 0.602777778125 0.99453125 0.6013888890625 0.93515625 0.6013888890625 0.9296875 0.6013888890625 0.8453125 0.60555555625 0.5015625 0.6041666671875 0.34140625 0.609722221875 0.009375 0.60694444375 0 0.6083333328125 0 0.6152777781250001
1 0 0.6972222218749999 0.08515625 0.6958333328124999 0.1515625 0.7 0.2734375 0.6958333328124999 0.26875 0.6916666671875 0.1546875 0.690277778125 0.15390625 0.6888888890625 0.09296875 0.69305555625 0 0.6916666671875 0 0.6972222218749999
1 0.55859375 0.69305555625 0.63984375 0.6958333328124999 0.85 0.6916666671875 0.84609375 0.6875 0.8421398437500001 0.6875 0.65234375 0.6875 0.58046875 0.6916666671875 0.5640625 0.6888888890625 0.55859375 0.69305555625
1 0.9890625 0.6888888890625 0.91640625 0.6861111109375 0.915625 0.6861111109375 0.871875 0.6888888890625 0.87578125 0.69305555625 0.98359375 0.69305555625 0.9890625 0.6888888890625
1 0 0.7791666671875 0.2515625 0.7833333328125 0.5109375 0.7791666671875 0.52421875 0.775 0.1375 0.772222221875 0.13359375 0.772222221875 0 0.7736111109375 0 0.7791666671875
1 0.6703125 0.76805555625 0.66953125 0.7666666671875 0.659375 0.775 0.7640625 0.775 0.7609375 0.7708333328125 0.6703125 0.76805555625
1 0.99921875 0.76805555625 0.9951171875 0.76805555625 0.94609375 0.7708333328125 0.95078125 0.775 0.99921875 0.775 0.99921875 0.76805555625
1 0 0.859722221875 0.0640625 0.8652777781250001 0.4125 0.8652777781250001 0.428125 0.8611111109375 0.00625 0.8541666671874999 0.0046875 0.8541666671874999 0 0.85555555625 0 0.859722221875
1 0.9947265625 0.85 0.9671875 0.8541666671874999 0.99921875 0.85694444375 0.99921875 0.85 0.9947265625 0.85
1 0.3765625 0.9444444437499999 0.37421875 0.940277778125 0.34140625 0.9388888890624999 0.009375 0.9361111109375001 0.00859375 0.9361111109375001 0.003125 0.9388888890624999 0.00625 0.94305555625 0.14921875 0.9458333328125 0.3765625 0.9444444437499999
1 0.15703125 0.6958333328124999 0.15546875 0.6888888890625 0.1578125 0.68194444375 0.1578125 0.6291666671875 0.1546875 0.6263888890625 0.15390625 0.625 0.15390625 0.6736111109375 0.1515625 0.6944444437499999 0.153125 0.7 0.15703125 0.6958333328124999
1 0.15390625 0.8916666671875 0.1515625 0.890277778125 0.15 0.8875 0.15 0.95694444375 0.15546875 0.94305555625 0.15390625 0.8916666671875
1 0.1578125 0.7541666671875 0.1578125 0.727777778125 0.15703125 0.7333333328125 0.15234375 0.73194444375 0.15078125 0.7111111109375 0.15 0.7111111109375 0.14921875 0.73194444375 0.15390625 0.7430555562500001 0.1546875 0.7569444437499999 0.1578125 0.7541666671875
1 0.1515625 0.984722221875 0.15 0.984722221875 0.15 0.9986111109375001 0.15234375 0.9986111109375001 0.15390625 0.9861111109375 0.1515625 0.984722221875
3 0.93203125 0.372222221875 0.93671875 0.3791666671875 0.93515625 0.40694444374999994 0.946875 0.4291666671875 0.9546875 0.4361111109375 0.9703125 0.4291666671875 0.99921875 0.43055555625 0.99921875 0.33055555625 0.9949773437499999 0.33055555625 0.9609375 0.33194444375 0.94375 0.3416666671875 0.93125 0.3611111109375 0.93203125 0.372222221875
2 0.2984375 0.627777778125 0.2953125 0.622222221875 0.28515625 0.6236111109375 0.27734375 0.64305555625 0.28046875 0.6555555562500001 0.2671875 0.6708333328125 0.2671875 0.6875 0.275 0.6972222218749999 0.28671875 0.6972222218749999 0.29375 0.690277778125 0.2984375 0.6944444437499999 0.309375 0.690277778125 0.31484375 0.6944444437499999 0.3375 0.6944444437499999 0.3578125 0.675 0.35859375 0.6777777781250001 0.35546875 0.6805555562500001 0.36484375 0.6833333328125 0.36484375 0.6888888890625 0.36875 0.69305555625 0.44453125 0.6958333328124999 0.46171875 0.6708333328125 0.46640625 0.672222221875 0.46875 0.6625 0.48203125 0.652777778125 0.48046875 0.6458333328125 0.48984375 0.6361111109375 0.49296875 0.6416666671875 0.4921875 0.6513888890625 0.48515625 0.659722221875 0.48359375 0.6708333328125 0.47734375 0.6736111109375 0.47578125 0.6791666671875001 0.478125 0.6833333328125 0.48203125 0.6805555562500001 0.490625 0.6611111109375 0.4984375 0.6513888890625 0.50546875 0.6319444437499999 0.50546875 0.622222221875 0.50234375 0.6208333328125 0.50234375 0.6291666671875 0.4859375 0.6236111109375 0.48203125 0.6319444437499999 0.471875 0.625 0.42265625 0.6263888890625 0.39609375 0.61944444375 0.3921875 0.6208333328125 0.39453125 0.6263888890625 0.3890625 0.6319444437499999 0.38671875 0.63055555625 0.38828125 0.6263888890625 0.37421875 0.6263888890625 0.37734375 0.6333333328124999 0.371875 0.6333333328124999 0.37421875 0.6375 0.37265625 0.640277778125 0.3578125 0.6333333328124999 0.35 0.6388888890625 0.33125 0.640277778125 0.328125 0.6333333328124999 0.3328125 0.622222221875 0.3265625 0.6152777781250001 0.32578125 0.6138888890625 0.321875 0.61944444375 0.3109375 0.6208333328125 0.303125 0.627777778125 0.2984375 0.627777778125
0 0.7984375 0.89444444375 0.79453125 0.8847222218749999 0.790625 0.8833333328125 0.78515625 0.89305555625 0.76796875 0.9055555562500001 0.759375 0.9013888890624999 0.73671875 0.91805555625 0.7046875 0.915277778125 0.68828125 0.9069444437499999 0.6625 0.9333333328125001 0.6421875 0.9277777781250001 0.6109375 0.8638888890624999 0.60859375 0.877777778125 0.6140625 0.89305555625 0.62421875 0.9069444437499999 0.64140625 0.9472222218749999 0.66875 0.9986111109375001 0.8203125 0.9986111109375001 0.825 0.9625 0.84296875 0.9041666671874999 0.85 0.86944444375 0.84921875 0.852777778125 0.84609375 0.85 0.84453125 0.85 0.83984375 0.852777778125 0.834375 0.8652777781250001 0.815625 0.890277778125 0.7984375 0.89444444375
0 0.571875 0.98194444375 0.56875 0.99444444375 0.5640625 0.9986111109375001 0.60546875 0.9986111109375001 0.603125 0.952777778125 0.6015625 0.952777778125 0.5953125 0.975 0.5828125 0.9694444437499999 0.57890625 0.9833333328125 0.571875 0.98194444375
0 0.88046875 0.9111111109375001 0.87890625 0.9111111109375001 0.86484375 0.93194444375 0.8734375 0.9333333328125001 0.88046875 0.91805555625 0.88046875 0.9111111109375001
0 0.5109375 0.9902777781250001 0.48359375 0.9986111109375001 0.51875 0.9986111109375001 0.51484375 0.9902777781250001 0.5109375 0.9902777781250001
0 0.5921875 0.9986111109375001 0.60390625 0.9986111109375001 0.603125 0.9736111109375001 0.6 0.965277778125 0.59921875 0.965277778125 0.59921875 0.9694444437499999 0.59375 0.975 0.5953125 0.9930555562500001 0.5921875 0.9986111109375001
0 0.42265625 0.9930555562500001 0.41875 0.9888888890624999 0.3921875 0.9888888890624999 0.38125 0.972222221875 0.38046875 0.972222221875 0.37890625 0.9986111109375001 0.43359375 0.9986111109375001 0.43671875 0.9902777781250001 0.42265625 0.9930555562500001