1 0.43515625 0.5166666671875 0.2265625 0.5138888890625 0.2234375 0.5166666671875 0.2234375 0.522222221875 0.2125 0.5263888890625 0.42734375 0.5319444437499999 0.44296875 0.527777778125 0.57578125 0.525 0.99921875 0.522222221875 0.99921875 0.5083333328124999 0.884375 0.5069444437499999 0.88359375 0.5069444437499999 0.621875 0.5097222218749999 0.43515625 0.5166666671875
1 0 0.5263888890625 0.08046875 0.5291666671875 0.115625 0.5166666671875 0.1078125 0.5125 0.0421875 0.5125 0.03984375 0.5125 0 0.5166666671875 0 0.5263888890625
3 0.95625 0.3361111109375 0.9375 0.3611111109375 0.93671875 0.372222221875 0.93984375 0.3763888890625 0.94296875 0.41111111093749997 0.9421875 0.41944444374999995 0.9390625 0.42222222187499997 0.93828125 0.4388888890625 0.953125 0.459722221875 0.9671875 0.46666666718750005 0.97109375 0.48472222187499997 0.984375 0.48194444374999995 0.984375 0.477777778125 0.99140625 0.46805555625000006 0.99921875 0.46527777812500004 0.99921875 0.3263888890625 0.99505234375 0.3263888890625 0.97734375 0.32777777812500003 0.95625 0.3361111109375
1 0.00390625 0.615472221875 0.99921875 0.615472221875 0.99921875 0.602777778125 0.00390625 0.602777778125 0.00390625 0.615472221875
1 0.00292578125 0.7128472218749999 0.24296484375 0.7128472218749999 0.24296484375 0.684375 0.00292578125 0.684375 0.00292578125 0.7128472218749999
1 1 0.68611805625 0.388671875 0.68611805625 0.388671875 0.7086875 1 0.7086875 1 0.68611805625
1 1 0.7642361109375 0.001953125 0.7642361109375 0.001953125 0.787902778125 1 0.787902778125 1 0.7642361109375
1 1 0.8458333328125001 0.005859375 0.8458333328125001 0.005859375 0.8671111109374999 1 0.8671111109374999 1 0.8458333328125001
1 0.001953125 0.9991319437499999 0.2390625 0.9991319437499999 0.2390625 0.91875694375 0.001953125 0.91875694375 0.001953125 0.9991319437499999
0 0.62265625 0.9138888890624999 0.60546875 0.9375 0.59765625 0.9361111109375001 0.5734375 0.9513888890625 0.5296875 0.9513888890625 0.5109375 0.9833333328125 0.50625 0.9861111109375 0.496875 0.98194444375 0.48203125 0.9611111109375001 0.48125 0.9666666671874999 0.4953125 0.9986111109375001 0.65546875 0.9986111109375001 0.65859375 0.9708333328125001 0.66953125 0.922222221875 0.6765625 0.8763888890624999 0.67421875 0.8625 0.671875 0.8625 0.64375 0.91805555625 0.62265625 0.9138888890624999
1 0.99453125 0.9416666671874999 0.99921875 0.940277778125 0.99921875 0.9361111109375001 0.9952640625000001 0.9361111109375001 0.86953125 0.9388888890624999 0.99453125 0.9416666671874999
2 0.309375 0.6236111109375 0.30390625 0.6319444437499999 0.29765625 0.6319444437499999 0.290625 0.6236111109375 0.2859375 0.6263888890625 0.27890625 0.640277778125 0.28203125 0.65 0.28125 0.659722221875 0.28671875 0.665277778125 0.29453125 0.6583333328125 0.2953125 0.665277778125 0.2875 0.68194444375 0.28125 0.684722221875 0.28515625 0.6888888890625 0.2828125 0.6916666671875 0.27265625 0.6833333328125 0.27421875 0.66944444375 0.26796875 0.6708333328125 0.2671875 0.69305555625 0.275 0.7013888890625 0.28203125 0.7013888890625 0.29453125 0.6875 0.2984375 0.6972222218749999 0.303125 0.6972222218749999 0.309375 0.684722221875 0.3125 0.6875 0.31328125 0.6958333328124999 0.3171875 0.6972222218749999 0.32578125 0.6916666671875 0.32890625 0.6972222218749999 0.340625 0.69305555625 0.346875 0.6833333328125 0.346875 0.6777777781250001 0.3421875 0.672222221875 0.34296875 0.6569444437499999 0.3375 0.6541666671875 0.3296875 0.6638888890625 0.32578125 0.6638888890625 0.31796875 0.652777778125 0.3296875 0.6291666671875 0.3296875 0.622222221875 0.3265625 0.61944444375 0.325 0.61944444375 0.31875 0.6263888890625 0.309375 0.6236111109375
2 0.38203125 0.672222221875 0.36875 0.69305555625 0.3765625 0.6875 0.38125 0.6888888890625 0.384375 0.6736111109375 0.396875 0.652777778125 0.4015625 0.6291666671875 0.4 0.6263888890625 0.3921875 0.6375 0.38203125 0.672222221875