2 0.2515625 0.0111111109375 0.2484375 0.0166666671875 0.228125 0.019444443750000002 0.2125 0.006944443749999999 0.1921875 0.0083333328125 0.184375 0.025 0.17890625 0.0486111109375 0.178125 0.06805555625000001 0.18125 0.072222221875 0.19921875 0.0736111109375 0.2640625 0.072222221875 0.26875 0.06805555625000001 0.2671875 0.0625 0.2796875 0.061111110937500004 0.27890625 0.03194444375 0.275 0.03194444375 0.271875 0.022222221875 0.275 0.0125 0.2734375 0.0041666671875 0.2703125 0.0041666671875 0.26328125 0.0166666671875 0.2515625 0.0111111109375
2 0.3125 0.054166667187499996 0.30859375 0.0666666671875 0.31015625 0.072222221875 0.3171875 0.0638888890625 0.321875 0.0638888890625 0.32578125 0.072222221875 0.34140625 0.072222221875 0.34453125 0.06805555625000001 0.3609375 0.072222221875 0.371875 0.058333332812500006 0.36796875 0.0333333328125 0.36953125 0.025 0.35703125 0.030555556249999997 0.35546875 0.027777778125000003 0.3578125 0.025 0.35234375 0.0166666671875 0.34765625 0.0166666671875 0.33671875 0.027777778125000003 0.33515625 0.025 0.33984375 0.019444443750000002 0.33125 0.015277778124999999 0.328125 0.0083333328125 0.32578125 0.0083333328125 0.3125 0.04305555625 0.3125 0.054166667187499996
2 0.45078125 0 0.4390625 0.026388889062499997 0.41484375 0.030555556249999997 0.40234375 0.0625 0.38828125 0.06944444375 0.39296875 0.072222221875 0.40546875 0.0666666671875 0.4109375 0.072222221875 0.428125 0.072222221875 0.465625 0.0625 0.48203125 0.07083333281250001 0.48984375 0.0666666671875 0.49921875 0.07083333281250001 0.50546875 0.06527777812499999 0.51875 0.06944444375 0.52890625 0.061111110937500004 0.53828125 0.06805555625000001 0.546875 0.059722221875 0.5484375 0.052777778124999994 0.54765625 0.0486111109375 0.540625 0.0486111109375 0.5375 0.04444444375 0.5421875 0.026388889062499997 0.54765625 0.019444443750000002 0.546875 0.002777778125 0.5375 0.0166666671875 0.525 0.022222221875 0.5171875 0.0333333328125 0.50546875 0.029166667187500002 0.4546875 0.029166667187500002 0.45390625 0.009722221875000001 0.45859375 0.006944443749999999 0.459375 0 0.455078125 0 0.45078125 0
2 0.59765625 0 0.59296875 0.0125 0.5859375 0.0166666671875 0.5890625 0.025 0.57109375 0.06805555625000001 0.575 0.0638888890625 0.5875 0.0666666671875 0.5953125 0.061111110937500004 0.60390625 0.06805555625000001 0.61171875 0.059722221875 0.6234375 0.03194444375 0.62265625 0.027777778125000003 0.61484375 0.027777778125000003 0.6078125 0.022222221875 0.60859375 0.013888889062500001 0.6046875 0.0083333328125 0.6046875 0 0.59765625 0
2 0.7109375 0 0.70078125 0.019444443750000002 0.6640625 0.026388889062499997 0.659375 0.030555556249999997 0.6484375 0.054166667187499996 0.63203125 0.06805555625000001 0.65546875 0.07083333281250001 0.65 0.08333333281250001 0.65078125 0.0875 0.6421875 0.1 0.63984375 0.11388888906250001 0.634375 0.12361111093749999 0.634375 0.140277778125 0.64296875 0.1375 0.64609375 0.13194444375 0.665625 0.075 0.671875 0.06805555625000001 0.70859375 0.06805555625000001 0.7140625 0.061111110937500004 0.71796875 0.052777778124999994 0.71796875 0.04444444375 0.715625 0.0388888890625 0.70859375 0.0388888890625 0.7078125 0.034722221875 0.71328125 0.01805555625 0.71796875 0.013888889062500001 0.715625 0 0.7109375 0
2 0.80625 0 0.803125 0.009722221875000001 0.79765625 0.013888889062500001 0.79765625 0.0208333328125 0.79453125 0.026388889062499997 0.75625 0.025 0.75 0.0333333328125 0.7453125 0.047222221875 0.728125 0.06805555625000001 0.74375 0.06527777812499999 0.74921875 0.06944444375 0.80234375 0.06944444375 0.8109375 0.054166667187499996 0.81015625 0.040277778125000004 0.80546875 0.0416666671875 0.803125 0.0375 0.80546875 0.0236111109375 0.81171875 0.013888889062500001 0.80703125 0 0.80625 0
2 0.8765625 0 0.86640625 0.03194444375 0.84921875 0.029166667187500002 0.83359375 0.059722221875 0.8234375 0.06805555625000001 0.840625 0.06527777812499999 0.8453125 0.07083333281250001 0.85234375 0.07083333281250001 0.853125 0.102777778125 0.85703125 0.1041666671875 0.86484375 0.0875 0.86875 0.0638888890625 0.87890625 0.05 0.87421875 0.0388888890625 0.884375 0.0083333328125 0.88359375 0 0.8765625 0
2 0.93125 0 0.92734375 0.0083333328125 0.915625 0.00555555625 0.91171875 0.009722221875000001 0.903125 0.0416666671875 0.89375 0.0638888890625 0.89453125 0.06805555625000001 0.946875 0.06944444375 0.95703125 0.059722221875 0.9609375 0.0458333328125 0.95546875 0.03194444375 0.94140625 0.03194444375 0.93671875 0.026388889062499997 0.93984375 0.009722221875000001 0.93671875 0 0.93125 0
2 0.98203125 0.0416666671875 0.9765625 0.0666666671875 0.99921875 0.06805555625000001 0.99921875 0.029166667187500002 0.98671875 0.025 0.9859375 0.025 0.98046875 0.03194444375 0.98203125 0.0416666671875
2 0.23125 0.17361111093749998 0.22734375 0.177777778125 0.225 0.1916666671875 0.2203125 0.20138888906250002 0.21640625 0.1888888890625 0.2046875 0.1916666671875 0.2 0.184722221875 0.20078125 0.18055555625 0.196875 0.177777778125 0.1921875 0.1875 0.1890625 0.175 0.1890625 0.177777778125 0.18515625 0.18055555625 0.1765625 0.20138888906250002 0.178125 0.2166666671875 0.171875 0.24722222187499998 0.17734375 0.2486111109375 0.18125 0.23472222187499997 0.18515625 0.23611111093749998 0.18828125 0.23194444375 0.19453125 0.2375 0.2890625 0.23611111093749998 0.29609375 0.2236111109375 0.29453125 0.1888888890625 0.2984375 0.184722221875 0.29609375 0.18194444375000002 0.29765625 0.17361111093749998 0.30234375 0.16944444375 0.30390625 0.1611111109375 0.29921875 0.15555555625 0.28984375 0.1611111109375 0.28125 0.1928763890625 0.2671875 0.1583333328125 0.26484375 0.1873166671875 0.2625 0.1541666671875 0.23828125 0.17341944375 0.228125 0.15555555625 0.22734375 0.16944444375 0.23125 0.17361111093749998
2 0.17578125 0.2 0.17578125 0.215277778125 0.1734375 0.2166666671875 0.17265625 0.23194444375 0.1671875 0.252777778125 0.16953125 0.2708333328125 0.17734375 0.2611111109375 0.18203125 0.2388888890625 0.18515625 0.2138888890625 0.1828125 0.20833333281250002 0.1828125 0.19583333281249998 0.18671875 0.184722221875 0.1859375 0.177777778125 0.18515625 0.1763888890625 0.18046875 0.19444444375 0.17578125 0.2
2 0.3125 0.23194444375 0.3109375 0.225 0.309375 0.225 0.309375 0.23333333281250002 0.3125 0.23194444375
2 0.38046875 0.1583333328125 0.365625 0.1666666671875 0.353125 0.1625 0.34765625 0.16805555625 0.34375 0.1763888890625 0.34140625 0.1986111109375 0.35078125 0.20833333281250002 0.34375 0.2208333328125 0.34140625 0.23472222187499997 0.35 0.2388888890625 0.36875 0.2166666671875 0.37421875 0.21944444375 0.3765625 0.23333333281250002 0.390625 0.23333333281250002 0.3953125 0.2375 0.40546875 0.23333333281250002 0.4140625 0.2125 0.40859375 0.19305555624999998 0.39765625 0.1888888890625 0.40390625 0.16944444375 0.4015625 0.15694444375 0.3953125 0.15694444375 0.390625 0.1611111109375 0.38046875 0.1583333328125
2 0.56015625 0.1833333328125 0.5546875 0.184722221875 0.55 0.1916666671875 0.5421875 0.1861111109375 0.52890625 0.1861111109375 0.52578125 0.1763888890625 0.52578125 0.18194444375000002 0.515625 0.18055555625 0.4890625 0.1916666671875 0.46796875 0.1875 0.4609375 0.190277778125 0.4421875 0.18055555625 0.43671875 0.1888888890625 0.4359375 0.19583333281249998 0.4296875 0.1986111109375 0.43515625 0.2 0.43671875 0.20833333281250002 0.4296875 0.2166666671875 0.4296875 0.22777777812500002 0.4265625 0.23472222187499997 0.43515625 0.23333333281250002 0.4390625 0.22638888906250001 0.43828125 0.23472222187499997 0.44453125 0.2375 0.4546875 0.23333333281250002 0.46484375 0.2375 0.471875 0.23194444375 0.49453125 0.2375 0.5171875 0.23333333281250002 0.565625 0.23333333281250002 0.57421875 0.21944444375 0.5765625 0.20833333281250002 0.57578125 0.197222221875 0.57109375 0.190277778125 0.5765625 0.1666666671875 0.57265625 0.15972222187500001 0.571875 0.1583333328125 0.56484375 0.165277778125 0.56015625 0.1833333328125
2 0.18671875 0.2125 0.20859375 0.215277778125 0.21328125 0.1986111109375 0.2015625 0.19305555624999998 0.20078125 0.1916666671875 0.18828125 0.20416666718749998 0.18671875 0.2125
2 0.37265625 0.165277778125 0.35 0.165277778125 0.34453125 0.172222221875 0.34296875 0.18194444375000002 0.34296875 0.197222221875 0.3515625 0.20694444375 0.3484375 0.21805555625 0.36171875 0.21944444375 0.37265625 0.21111111093749999 0.38125 0.23194444375 0.38828125 0.22777777812500002 0.39609375 0.23611111093749998 0.4015625 0.23611111093749998 0.40703125 0.23194444375 0.4078125 0.22638888906250001 0.41171875 0.22777777812500002 0.415625 0.2166666671875 0.4234375 0.215277778125 0.421875 0.20416666718749998 0.425 0.1986111109375 0.4203125 0.20416666718749998 0.415625 0.20277777812500003 0.4140625 0.19583333281249998 0.403125 0.184722221875 0.40234375 0.1763888890625 0.40625 0.16944444375 0.4046875 0.15694444375 0.4 0.15694444375 0.38046875 0.1583333328125 0.37265625 0.165277778125
2 0.16953125 0.38333333281250004 0.16875 0.39027777812500003 0.1734375 0.40138888906250003 0.17890625 0.40138888906250003 0.18515625 0.39027777812500003 0.18828125 0.40277777812500004 0.28203125 0.40416666718750005 0.29140625 0.3875 0.28984375 0.38055555625 0.2828125 0.3888888890625 0.28203125 0.375 0.3 0.3263888890625 0.29765625 0.32083333281250004 0.29140625 0.322222221875 0.2796875 0.35972222187499997 0.27109375 0.35972222187499997 0.259375 0.36944444375 0.259375 0.35555555625 0.25625 0.35 0.2515625 0.35 0.24765625 0.35555555625 0.23203125 0.35555555625 0.2203125 0.3625 0.21484375 0.35694444375 0.20078125 0.3583333328125 0.19609375 0.352777778125 0.20234375 0.3333333328125 0.20078125 0.31944444375000003 0.196875 0.31944444375000003 0.1796875 0.36944444375 0.16953125 0.38333333281250004
2 0.34609375 0.33194444375 0.340625 0.334722221875 0.33359375 0.35 0.32890625 0.352777778125 0.33046875 0.3611111109375 0.328125 0.372222221875 0.31328125 0.39305555625 0.3125 0.40138888906250003 0.3140625 0.40416666718750005 0.321875 0.397222221875 0.325 0.40277777812500004 0.33828125 0.40277777812500004 0.3421875 0.3958333328125 0.34609375 0.3958333328125 0.35078125 0.40277777812500004 0.36015625 0.397222221875 0.36484375 0.40277777812500004 0.378125 0.3986111109375 0.3859375 0.375 0.38046875 0.3736111109375 0.37421875 0.3611111109375 0.36171875 0.3708333328125 0.35625 0.35972222187499997 0.36484375 0.33888888906250003 0.36640625 0.325 0.36484375 0.322222221875 0.35078125 0.3375 0.34609375 0.33194444375
2 0.46015625 0.35972222187499997 0.4546875 0.36666666718749996 0.4390625 0.35972222187499997 0.42734375 0.375 0.42265625 0.36944444375 0.4203125 0.3625 0.421875 0.35555555625 0.41875 0.3513888890625 0.41484375 0.35972222187499997 0.4140625 0.3708333328125 0.403125 0.3916666671875 0.40234375 0.3986111109375 0.41171875 0.3916666671875 0.415625 0.40277777812500004 0.42578125 0.3958333328125 0.43515625 0.4 0.446875 0.3916666671875 0.45625 0.40138888906250003 0.46953125 0.397222221875 0.47421875 0.39027777812500003 0.48203125 0.40138888906250003 0.4859375 0.40138888906250003 0.49921875 0.3763888890625 0.49765625 0.372222221875 0.49140625 0.3763888890625 0.48671875 0.3541666671875 0.48671875 0.3416666671875 0.4859375 0.3416666671875 0.478125 0.3541666671875 0.46015625 0.35972222187499997
2 0.5578125 0.3638888890625 0.55 0.3583333328125 0.54375 0.35972222187499997 0.52734375 0.3888888890625 0.51328125 0.4 0.54453125 0.40277777812500004 0.54609375 0.40694444374999994 0.53984375 0.4236111109375 0.53984375 0.43194444374999996 0.5421875 0.4388888890625 0.54921875 0.4361111109375 0.5609375 0.40277777812500004 0.56953125 0.3875 0.5703125 0.38333333281250004 0.5671875 0.38055555625 0.56796875 0.36805555624999997 0.58046875 0.3416666671875 0.58046875 0.33194444375 0.57578125 0.33194444375 0.5625 0.35972222187499997 0.5578125 0.3638888890625
2 0.62265625 0.34722222187499996 0.621875 0.3375 0.61875 0.3333333328125 0.61484375 0.3361111109375 0.6046875 0.352777778125 0.60546875 0.3625 0.6 0.38055555625 0.5890625 0.4 0.61484375 0.40277777812500004 0.621875 0.3986111109375 0.63359375 0.40138888906250003 0.63828125 0.397222221875 0.64140625 0.40138888906250003 0.65 0.40138888906250003 0.65625 0.3958333328125 0.6640625 0.3791666671875 0.66015625 0.3625 0.65390625 0.35555555625 0.64140625 0.35555555625 0.64453125 0.35972222187499997 0.6421875 0.3638888890625 0.6375 0.35972222187499997 0.6375 0.3513888890625 0.6421875 0.34861111093749997 0.640625 0.34444444375 0.64453125 0.33055555625 0.64375 0.322222221875 0.63828125 0.322222221875 0.6265625 0.3458333328125 0.62265625 0.34722222187499996
2 0.690625 0.38055555625 0.67890625 0.3986111109375 0.67421875 0.4 0.6828125 0.4 0.6890625 0.39444444375 0.696875 0.40138888906250003 0.70390625 0.397222221875 0.71015625 0.40138888906250003 0.71875 0.397222221875 0.74140625 0.4 0.7515625 0.39027777812500003 0.75546875 0.4 0.76015625 0.4 0.7703125 0.384722221875 0.771875 0.375 0.7640625 0.372222221875 0.76328125 0.35694444375 0.72421875 0.35972222187499997 0.7171875 0.3541666671875 0.715625 0.34861111093749997 0.721875 0.34722222187499996 0.72265625 0.3416666671875 0.71796875 0.33888888906250003 0.71640625 0.3263888890625 0.71328125 0.325 0.7125 0.3236111109375 0.70390625 0.3361111109375 0.690625 0.38055555625
2 0.8671875 0.35972222187499997 0.8609375 0.3736111109375 0.85703125 0.35694444375 0.8421875 0.35694444375 0.8375 0.3611111109375 0.8328125 0.3541666671875 0.82578125 0.3583333328125 0.8171875 0.35694444375 0.79609375 0.39027777812500003 0.7828125 0.397222221875 0.81328125 0.4 0.81796875 0.3958333328125 0.82265625 0.4 0.8375 0.4 0.84453125 0.3958333328125 0.8453125 0.39027777812500003 0.85 0.40138888906250003 0.86796875 0.40138888906250003 0.87578125 0.3958333328125 0.8875 0.4 0.896875 0.38194444375000003 0.8921875 0.38055555625 0.88671875 0.36944444375 0.89296875 0.34861111093749997 0.89765625 0.3416666671875 0.9 0.3291666671875 0.8984375 0.3263888890625 0.89375 0.3263888890625 0.8828125 0.352777778125 0.8671875 0.35972222187499997
2 0.9296875 0.35694444375 0.90625 0.39305555625 0.90625 0.4 0.99921875 0.4 0.99921875 0.365277778125 0.99375 0.3625 0.99453125 0.35694444375 0.98984375 0.34861111093749997 0.975 0.3583333328125 0.9671875 0.3541666671875 0.94453125 0.3541666671875 0.9421875 0.34722222187499996 0.946875 0.33194444375 0.953125 0.31944444375000003 0.9578125 0.31805555625 0.9515625 0.3166666671875 0.94765625 0.3166666671875 0.93984375 0.31805555625 0.9296875 0.35694444375
2 0.18125 0.5125 0.18203125 0.525 0.171875 0.55 0.165625 0.5583333328125 0.165625 0.565277778125 0.1734375 0.5583333328125 0.17734375 0.56805555625 0.1859375 0.56805555625 0.18984375 0.5625 0.20234375 0.56805555625 0.21171875 0.55694444375 0.2125 0.5333333328125 0.20546875 0.525 0.19453125 0.5305555562500001 0.18828125 0.54444444375 0.1890625 0.5486111109375 0.1859375 0.5541666671875001 0.18359375 0.5527777781250001 0.184375 0.5375 0.1890625 0.5361111109375 0.190625 0.5208333328125 0.20078125 0.5111111109375 0.196875 0.5013888890625 0.20078125 0.49583333281249997 0.2 0.490277778125 0.19609375 0.490277778125 0.1875 0.5083333328124999 0.18125 0.5125
2 0.2484375 0.51944444375 0.23984375 0.5375 0.2234375 0.5611111109375 0.215625 0.5666666671875 0.29140625 0.5694444437499999 0.31484375 0.56805555625 0.31953125 0.5638888890625 0.3015625 0.5638888890625 0.30078125 0.559722221875 0.30703125 0.5513888890625 0.3015625 0.5458333328125 0.2984375 0.5291666671875 0.3 0.5166666671875 0.29375 0.5166666671875 0.290625 0.525 0.27890625 0.5069444437499999 0.27109375 0.5138888890625 0.26875 0.497222221875 0.26484375 0.4888888890625 0.2609375 0.4888888890625 0.25078125 0.50555555625 0.2484375 0.51944444375
2 0.184375 0.5166666671875 0.18359375 0.525 0.165625 0.5638888890625 0.1734375 0.5611111109375 0.17734375 0.5666666671875 0.184375 0.56805555625 0.19296875 0.5625 0.20078125 0.56805555625 0.2140625 0.559722221875 0.2171875 0.5527777781250001 0.2171875 0.5333333328125 0.20859375 0.525 0.19765625 0.5291666671875 0.18984375 0.5486111109375 0.1875 0.547222221875 0.18671875 0.5333333328125 0.19375 0.527777778125 0.196875 0.5138888890625 0.2015625 0.5125 0.19609375 0.5013888890625 0.2015625 0.4986111109375 0.20078125 0.490277778125 0.2 0.490277778125 0.18203125 0.5125 0.184375 0.5166666671875
2 0.35703125 0.5361111109375 0.35234375 0.5375 0.34921875 0.527777778125 0.3515625 0.5166666671875 0.34609375 0.5138888890625 0.34140625 0.5291666671875 0.33359375 0.534722221875 0.3125 0.56805555625 0.3953125 0.56805555625 0.39921875 0.5722222218749999 0.39296875 0.5986111109375 0.39609375 0.6013888890625 0.40546875 0.5694444437499999 0.4171875 0.5666666671875 0.428125 0.5458333328125 0.43359375 0.5416666671875 0.4359375 0.5333333328125 0.421875 0.522222221875 0.4203125 0.5138888890625 0.415625 0.515277778125 0.40859375 0.527777778125 0.40546875 0.5236111109375 0.39140625 0.522222221875 0.38046875 0.5291666671875 0.37578125 0.5236111109375 0.375 0.5166666671875 0.38515625 0.497222221875 0.38203125 0.4888888890625 0.378125 0.4888888890625 0.37421875 0.49305555625 0.35703125 0.5361111109375
2 0.90390625 0.515277778125 0.9 0.5166666671875 0.89921875 0.50555555625 0.8953125 0.502777778125 0.88828125 0.51805555625 0.88359375 0.51944444375 0.884375 0.5291666671875 0.88125 0.54305555625 0.8734375 0.5625 0.85859375 0.559722221875 0.859375 0.54305555625 0.85234375 0.5333333328125 0.8546875 0.5208333328125 0.859375 0.5138888890625 0.85703125 0.497222221875 0.8453125 0.5111111109375 0.84140625 0.522222221875 0.821875 0.5263888890625 0.8140625 0.5166666671875 0.80703125 0.5333333328125 0.79765625 0.54305555625 0.78828125 0.5611111109375 0.771875 0.5611111109375 0.7734375 0.55 0.765625 0.54305555625 0.765625 0.5319444437499999 0.7671875 0.5208333328125 0.7734375 0.5125 0.778125 0.4986111109375 0.77421875 0.49305555625 0.76640625 0.502777778125 0.7640625 0.515277778125 0.75859375 0.51944444375 0.75078125 0.5208333328125 0.74375 0.527777778125 0.73984375 0.5236111109375 0.721875 0.5236111109375 0.71640625 0.5291666671875 0.7109375 0.5236111109375 0.696875 0.5208333328125 0.6890625 0.527777778125 0.6828125 0.54305555625 0.66953125 0.559722221875 0.65234375 0.5638888890625 0.74609375 0.5666666671875 0.75234375 0.5625 0.78359375 0.5694444437499999 0.82109375 0.5638888890625 0.8265625 0.5666666671875 0.83515625 0.5625 0.8453125 0.5666666671875 0.946875 0.5638888890625 0.9375 0.559722221875 0.94375 0.547222221875 0.9375 0.5388888890625 0.93515625 0.525 0.9234375 0.527777778125 0.9171875 0.5208333328125 0.921875 0.50555555625 0.92265625 0.497222221875 0.9203125 0.490277778125 0.91796875 0.490277778125 0.90625 0.50555555625 0.90390625 0.515277778125
2 0.621875 0.4986111109375 0.61484375 0.5097222218749999 0.61015625 0.5111111109375 0.6078125 0.51944444375 0.60078125 0.51944444375 0.5953125 0.5263888890625 0.5890625 0.51944444375 0.5796875 0.51805555625 0.5765625 0.502777778125 0.571875 0.5 0.55859375 0.5166666671875 0.56171875 0.5208333328125 0.5609375 0.5291666671875 0.54609375 0.5625 0.528125 0.5638888890625 0.58046875 0.565277778125 0.5875 0.5611111109375 0.5953125 0.5666666671875 0.60859375 0.5666666671875 0.62734375 0.5611111109375 0.63515625 0.5666666671875 0.640625 0.565277778125 0.6453125 0.5611111109375 0.6484375 0.5486111109375 0.6546875 0.5388888890625 0.65390625 0.5319444437499999 0.64609375 0.5305555562500001 0.640625 0.522222221875 0.640625 0.5166666671875 0.6453125 0.5111111109375 0.65 0.49444444374999996 0.6484375 0.4875 0.6421875 0.4875 0.63046875 0.5069444437499999 0.621875 0.4986111109375
2 0.4859375 0.5111111109375 0.47890625 0.5041666671875 0.475 0.5138888890625 0.46953125 0.5166666671875 0.46796875 0.5375 0.45546875 0.5638888890625 0.48203125 0.5666666671875 0.4859375 0.5611111109375 0.49296875 0.5666666671875 0.50625 0.56805555625 0.51875 0.5611111109375 0.52421875 0.547222221875 0.52890625 0.54444444375 0.5296875 0.5333333328125 0.5140625 0.5236111109375 0.50546875 0.5291666671875 0.50078125 0.525 0.5 0.5166666671875 0.5078125 0.497222221875 0.50546875 0.4875 0.5015625 0.4875 0.48984375 0.5083333328124999 0.4859375 0.5111111109375
2 0.96796875 0.5263888890625 0.953125 0.5513888890625 0.9546875 0.5583333328125 0.9796875 0.565277778125 0.99921875 0.565277778125 0.99921875 0.5236111109375 0.99375 0.525 0.99140625 0.5208333328125 0.9921875 0.5097222218749999 0.98203125 0.5041666671875 0.98515625 0.49583333281249997 0.9828125 0.4888888890625 0.98125 0.4888888890625 0.9703125 0.5111111109375 0.96796875 0.5263888890625
2 0.31015625 0.6763888890625 0.315625 0.6791666671875001 0.3140625 0.6958333328124999 0.31796875 0.7 0.3234375 0.6958333328124999 0.33046875 0.675 0.3453125 0.66944444375 0.3421875 0.665277778125 0.32890625 0.6666666671875 0.32578125 0.6611111109375 0.3203125 0.6611111109375 0.31015625 0.672222221875 0.31015625 0.6763888890625
0 0.584375 0.9875 0.58359375 0.9986111109375001 0.60703125 0.9986111109375001 0.61171875 0.9708333328125001 0.6109375 0.959722221875 0.6078125 0.95555555625 0.6046875 0.95555555625 0.5953125 0.975 0.584375 0.9875
0 0.565625 0.9986111109375001 0.565625 0.9902777781250001 0.56171875 0.9861111109375 0.559375 0.9861111109375 0.54921875 0.9986111109375001 0.565625 0.9986111109375001
1 0.009375 0.240277778125 0.1609375 0.240277778125 0.1546875 0.23472222187499997 0.13515625 0.23472222187499997 0.13125 0.23472222187499997 0.0359375 0.23611111093749998 0.009375 0.240277778125
1 0.27890625 0.1583333328125 0.303125 0.1583333328125 0.31171875 0.1541666671875 0.2640625 0.15 0.2625 0.15 0.25625 0.1541666671875 0.27890625 0.1583333328125
1 0.25390625 0.1541666671875 0.240625 0.1513888890625 0.23984375 0.15 0.2265625 0.1541666671875 0.25390625 0.1541666671875
1 0.60859375 0.1541666671875 0.61328125 0.15 0.61015625 0.14861111093749999 0.60625 0.14861111093749999 0.59921875 0.15277777812499999 0.60859375 0.1541666671875
1 0.44453125 0.1541666671875 0.44296875 0.1513888890625 0.438671875 0.1513888890625 0.43203125 0.1541666671875 0.44453125 0.1541666671875
1 0.56796875 0.15 0.56328125 0.15 0.5640625 0.1541666671875 0.56796875 0.15
1 0.5171875 0.15 0.51328125 0.15 0.51328125 0.1541666671875 0.5171875 0.15
1 0.41171875 0.15277777812499999 0.40859375 0.15277777812499999 0.4078125 0.1513888890625 0.40390625 0.1541666671875 0.41171875 0.15277777812499999
1 0.96953125 0.15555555625 0.9703125 0.1611111109375 0.98359375 0.15694444375 0.98203125 0.15 0.97109375 0.147222221875 0.9703125 0.1458333328125 0.96015625 0.15 0.96953125 0.15555555625
1 0.03125 0.3333333328125 0.04140625 0.32777777812500003 0.046875 0.3333333328125 0.03984375 0.3416666671875 0.08046875 0.3416666671875 0.07578125 0.334722221875 0.071875 0.33888888906250003 0.06328125 0.3361111109375 0.065625 0.33055555625 0.071875 0.32777777812500003 0.0796875 0.3333333328125 0.08828125 0.32777777812500003 0.0953125 0.334722221875 0.10703125 0.3236111109375 0.1046875 0.31944444375000003 0.05234375 0.31805555625 0.046875 0.31805555625 0.0171875 0.31944444375000003 0.01640625 0.334722221875 0.02421875 0.32777777812500003 0.03125 0.3333333328125
1 0.1953125 0.3236111109375 0.20078125 0.3263888890625 0.2078125 0.322222221875 0.290625 0.322222221875 0.29921875 0.3263888890625 0.30625 0.322222221875 0.359375 0.322222221875 0.365625 0.3291666671875 0.36484375 0.325 0.36875 0.32083333281250004 0.48671875 0.3236111109375 0.49921875 0.322222221875 0.50234375 0.31805555625 0.21796875 0.3166666671875 0.21328125 0.3166666671875 0.196875 0.31805555625 0.1953125 0.3236111109375
1 0.63515625 0.32083333281250004 0.64140625 0.325 0.64453125 0.32083333281250004 0.68125 0.322222221875 0.68984375 0.31805555625 0.52890625 0.315277778125 0.528125 0.315277778125 0.50859375 0.31805555625 0.63515625 0.32083333281250004
1 0.93125 0.3236111109375 0.93671875 0.322222221875 0.93828125 0.3263888890625 0.94296875 0.322222221875 0.946875 0.3263888890625 0.94921875 0.32083333281250004 0.96015625 0.31805555625 0.93828125 0.3166666671875 0.9341796875 0.3166666671875 0.92109375 0.31805555625 0.93125 0.3236111109375
1 0.70390625 0.322222221875 0.71015625 0.31805555625 0.7234375 0.322222221875 0.7390625 0.31805555625 0.7078125 0.3166666671875 0.702734375 0.3166666671875 0.69609375 0.31805555625 0.70390625 0.322222221875
1 0.90390625 0.322222221875 0.91171875 0.31805555625 0.90546875 0.3138888890625 0.903125 0.3138888890625 0.89921875 0.31944444375000003 0.90390625 0.322222221875
2 0.94765625 0.22638888906250001 0.946875 0.2208333328125 0.94609375 0.2208333328125 0.94296875 0.22916666718749998 0.94765625 0.22638888906250001
2 0.6125 0.197222221875 0.5953125 0.225 0.59375 0.23194444375 0.6265625 0.23472222187499997 0.6390625 0.23055555625 0.6421875 0.23472222187499997 0.68359375 0.23611111093749998 0.6921875 0.23194444375 0.709375 0.23333333281250002 0.7140625 0.24305555625 0.69609375 0.2666666671875 0.6890625 0.28194444375 0.6890625 0.29305555625 0.69296875 0.29722222187499997 0.7015625 0.29444444375 0.709375 0.28055555625 0.72109375 0.24583333281250003 0.73828125 0.2166666671875 0.7359375 0.20416666718749998 0.7375 0.19305555624999998 0.728125 0.2 0.7171875 0.190277778125 0.72421875 0.16944444375 0.725 0.1611111109375 0.721875 0.1583333328125 0.70859375 0.17361111093749998 0.7046875 0.1666666671875 0.6984375 0.1666666671875 0.68671875 0.1916666671875 0.67265625 0.197222221875 0.66171875 0.19305555624999998 0.64140625 0.197222221875 0.62890625 0.1888888890625 0.62734375 0.184722221875 0.6328125 0.16388888906250001 0.63046875 0.1583333328125 0.628125 0.1583333328125 0.62265625 0.16388888906250001 0.6125 0.197222221875
2 0.78203125 0.190277778125 0.76484375 0.21944444375 0.753125 0.22916666718749998 0.7609375 0.23055555625 0.76796875 0.22638888906250001 0.77890625 0.23472222187499997 0.78671875 0.22777777812500002 0.7921875 0.23472222187499997 0.7984375 0.22638888906250001 0.803125 0.23611111093749998 0.8109375 0.23333333281250002 0.81796875 0.21805555625 0.81875 0.20555555625 0.8140625 0.20972222187499998 0.81015625 0.19444444375 0.80625 0.1916666671875 0.78828125 0.19444444375 0.78671875 0.177777778125 0.7859375 0.177777778125 0.7828125 0.18055555625 0.78203125 0.190277778125
2 0.84453125 0.20416666718749998 0.8421875 0.2166666671875 0.8375 0.215277778125 0.8296875 0.23194444375 0.8359375 0.23194444375 0.84140625 0.2236111109375 0.84609375 0.23472222187499997 0.88515625 0.23472222187499997 0.8890625 0.2388888890625 0.88359375 0.2541666671875 0.875 0.2666666671875 0.8703125 0.28611111093749997 0.87421875 0.2958333328125 0.8796875 0.29444444375 0.88828125 0.27777777812500004 0.89609375 0.24444444375000002 0.90234375 0.23194444375 0.91953125 0.23611111093749998 0.92578125 0.22777777812500002 0.93125 0.2125 0.92578125 0.1888888890625 0.915625 0.19305555624999998 0.91171875 0.1888888890625 0.89921875 0.1888888890625 0.8921875 0.19444444375 0.8875 0.1888888890625 0.878125 0.1888888890625 0.86796875 0.1916666671875 0.85625 0.20416666718749998 0.84765625 0.19305555624999998 0.846875 0.18194444375000002 0.8453125 0.18194444375000002 0.84140625 0.1888888890625 0.84453125 0.20416666718749998
2 0.778125 0.19583333281249998 0.76875 0.2166666671875 0.79453125 0.21805555625 0.7984375 0.20972222187499998 0.8015625 0.21111111093749999 0.8015625 0.2166666671875 0.80859375 0.2166666671875 0.81015625 0.197222221875 0.8078125 0.19583333281249998 0.80625 0.19305555624999998 0.79921875 0.1986111109375 0.778125 0.19583333281249998
2 0.9703125 0.177777778125 0.97421875 0.18194444375000002 0.978125 0.19583333281249998 0.98671875 0.197222221875 0.97890625 0.21944444375 0.9703125 0.2208333328125 0.9671875 0.2166666671875 0.96640625 0.20555555625 0.9625 0.20694444375 0.96171875 0.2208333328125 0.9671875 0.23194444375 0.9859375 0.2236111109375 0.9921875 0.23194444375 0.99921875 0.21805555625 0.99921875 0.1611111109375 0.9828125 0.15972222187500001 0.98203125 0.1583333328125 0.975 0.165277778125 0.9703125 0.177777778125
1 0.15625 0.40694444374999994 0.17578125 0.40277777812500004 0.16171875 0.4 0.15859375 0.4 0.06328125 0.40416666718750005 0.15625 0.40694444374999994
1 0.58203125 0.40416666718750005 0.59453125 0.4 0.5921875 0.397222221875 0.5881695312499999 0.397222221875 0.5625 0.4 0.58203125 0.40416666718750005
1 0.26328125 0.48472222187499997 0.0953125 0.48194444374999995 0.0359375 0.4861111109375 0.925 0.4888888890625 0.9515625 0.4861111109375 0.95390625 0.48194444374999995 0.6171875 0.4791666671875 0.61328125 0.4791666671875 0.30234375 0.48055555625 0.26328125 0.48472222187499997
1 0.97421875 0.48194444374999995 0.9953125 0.48194444374999995 0.99140625 0.477777778125 0.98671875 0.477777778125 0.97734375 0.477777778125 0.97421875 0.48194444374999995
1 0 0.4916666671875 0.021875 0.490277778125 0.02578125 0.4861111109375 0.003125 0.47361111093749997 0 0.47361111093749997 0 0.4916666671875
1 0.13515625 0.5722222218749999 0.165625 0.56805555625 0.13984375 0.565277778125 0.13584765625 0.565277778125 0.0328125 0.56805555625 0.13515625 0.5722222218749999
1 0.46015625 0.56805555625 0.45859375 0.5625 0.453125 0.5625 0.4484375 0.5625 0.4328125 0.56805555625 0.46015625 0.56805555625
1 0.02890625 0.6541666671875 0.31328125 0.6555555562500001 0.45 0.6513888890625 0.975 0.65 0.95546875 0.6458333328125 0.4421875 0.6458333328125 0.43671875 0.6458333328125 0.02421875 0.65 0.02890625 0.6541666671875
1 0.3859375 0.7291666671875 0.37578125 0.7333333328125 0.384375 0.7375 0.4390625 0.7388888890625 0.99921875 0.7375 0.99921875 0.7291666671875 0.62578125 0.727777778125 0.6218265625 0.727777778125 0.4359375 0.727777778125 0.3859375 0.7291666671875
1 0.00859375 0.7361111109375 0.065625 0.7361111109375 0.065625 0.73194444375 0.06015625 0.7291666671875 0.040625 0.73194444375 0.021875 0.727777778125 0.01953125 0.727777778125 0.00625 0.73194444375 0.00859375 0.7361111109375
1 0.14765625 0.7333333328125 0.1578125 0.7388888890625 0.3296875 0.7388888890625 0.34609375 0.7333333328125 0.3421875 0.7291666671875 0.31015625 0.727777778125 0.1796875 0.727777778125 0.17421875 0.727777778125 0.1515625 0.7291666671875 0.14765625 0.7333333328125
1 0.7015625 0.815277778125 0.71171875 0.8194444437499999 0.79453125 0.8208333328125 0.99921875 0.8194444437499999 0.99921875 0.8125 0.99609375 0.8111111109375001 0.75234375 0.809722221875 0.7515625 0.8083333328125001 0.703125 0.8111111109375001 0.7015625 0.815277778125
1 0.00625 0.81805555625 0.0234375 0.8194444437499999 0.34921875 0.8166666671874999 0.3453125 0.8111111109375001 0.16328125 0.809722221875 0.1578125 0.809722221875 0.003125 0.8138888890624999 0.00625 0.81805555625
1 0.5375 0.81805555625 0.6390625 0.8166666671874999 0.62734375 0.809722221875 0.54921875 0.809722221875 0.54765625 0.809722221875 0.53515625 0.8138888890624999 0.5375 0.81805555625
1 0.51015625 0.81805555625 0.5140625 0.8138888890624999 0.48671875 0.8111111109375001 0.4859375 0.809722221875 0.4859375 0.81805555625 0.51015625 0.81805555625
1 0.74375 0.8888888890625 0.7359375 0.8916666671875 0.734375 0.9 0.99921875 0.9013888890624999 0.99921875 0.89305555625 0.96953125 0.89305555625 0.9625 0.8875 0.959375 0.89305555625 0.9546875 0.89305555625 0.9546875 0.8875 0.93125 0.8875 0.928125 0.8916666671875 0.9171875 0.8875 0.9 0.8875 0.89765625 0.8916666671875 0.8859375 0.8875 0.88046875 0.8916666671875 0.8765625 0.8875 0.86484375 0.8916666671875 0.8375 0.8875 0.83359375 0.8916666671875 0.82265625 0.8875 0.821875 0.8875 0.80234375 0.8916666671875 0.74375 0.8888888890625
1 0.15390625 0.8888888890625 0.14765625 0.890277778125 0.1421875 0.8875 0.1046875 0.89305555625 0.07890625 0.890277778125 0.0109375 0.8958333328125001 0.01484375 0.9 0.04765625 0.9013888890624999 0.25 0.9 0.25546875 0.89444444375 0.26171875 0.9 0.28125 0.9013888890624999 0.28984375 0.8958333328125001 0.259375 0.8875 0.25546875 0.8916666671875 0.25078125 0.8875 0.24375 0.89305555625 0.2359375 0.8875 0.16953125 0.8888888890625 0.16953125 0.8847222218749999 0.16171875 0.875 0.16015625 0.875 0.15703125 0.8763888890624999 0.15390625 0.8888888890625
1 0.01328125 0.98194444375 0.1515625 0.98194444375 0.1578125 0.9888888890624999 0.175 0.9791666671874999 0.1578125 0.975 0.15625 0.975 0.00546875 0.977777778125 0.01328125 0.98194444375
1 0.86484375 0.9833333328125 0.84140625 0.977777778125 0.7796875 0.977777778125 0.76953125 0.98194444375 0.78125 0.9875 0.8578125 0.9861111109375 0.8609375 0.9930555562500001 0.87265625 0.9875 0.99921875 0.9875 0.99921875 0.9763888890624999 0.95625 0.975 0.95390625 0.975 0.878125 0.977777778125 0.86484375 0.9833333328125
1 0.41640625 0.80694444375 0.41171875 0.80694444375 0.41015625 0.8166666671874999 0.4265625 0.8222222218749999 0.45234375 0.8166666671874999 0.45234375 0.8111111109375001 0.44765625 0.8027777781250001 0.440625 0.8013888890624999 0.43671875 0.8013888890624999 0.41796875 0.8027777781250001 0.41640625 0.80694444375