1 0.890625 0.5097222218749999 0.6328125 0.5083333328124999 0.6125 0.5097222218749999 0.60703125 0.5138888890625 0.60078125 0.5097222218749999 0.55078125 0.5097222218749999 0.5453125 0.515277778125 0.5234375 0.51805555625 0.50703125 0.5138888890625 0.5125 0.5166666671875 0.51640625 0.525 0.57578125 0.525 0.58359375 0.51805555625 0.60625 0.5138888890625 0.6109375 0.5208333328125 0.615625 0.51805555625 0.62578125 0.525 0.9703125 0.522222221875 0.99921875 0.5208333328125 0.99921875 0.50555555625 0.9951874999999999 0.50555555625 0.8984375 0.50555555625 0.890625 0.5097222218749999
1 0 0.522222221875 0.01640625 0.527777778125 0.3453125 0.527777778125 0.35703125 0.522222221875 0.365625 0.5263888890625 0.440625 0.5263888890625 0.478125 0.5138888890625 0.39296875 0.5111111109375 0.3921875 0.5111111109375 0.3828125 0.5166666671875 0.37578125 0.5125 0 0.5125 0 0.522222221875
3 0.94375 0.34027777812500004 0.93515625 0.352777778125 0.93828125 0.3763888890625 0.93515625 0.40694444374999994 0.9375 0.415277778125 0.93515625 0.41805555625 0.9359375 0.4263888890625 0.93046875 0.434722221875 0.9359375 0.4388888890625 0.93828125 0.4583333328125 0.94921875 0.4611111109375 0.95390625 0.46666666718750005 0.9625 0.46666666718750005 0.96015625 0.4625 0.9640625 0.4611111109375 0.9703125 0.46805555625000006 0.975 0.46388888906250003 0.97265625 0.4583333328125 0.97421875 0.45416666718750004 0.98203125 0.4486111109375 0.98515625 0.45416666718750004 0.98359375 0.4583333328125 0.98671875 0.459722221875 0.9875 0.45 0.9828125 0.447222221875 0.9890625 0.44444444375 0.990625 0.4375 0.99921875 0.4361111109375 0.99921875 0.3291666671875 0.98671875 0.3291666671875 0.9859375 0.32777777812500003 0.9546875 0.3333333328125 0.94375 0.34027777812500004
1 0.2875 0.6152777781250001 0.41171875 0.6111111109375 0.0140625 0.609722221875 0.009375 0.609722221875 0.00234375 0.6138888890625 0.2875 0.6152777781250001
1 0.41796875 0.6111111109375 0.99921875 0.6111111109375 0.99921875 0.602777778125 0.9609375 0.602777778125 0.9546875 0.602777778125 0.44296875 0.60555555625 0.41796875 0.6111111109375
1 0.00234375 0.6138888890625 0.41015625 0.6152777781250001 0.41484375 0.6111111109375 0.30390625 0.6083333328125 0.29921875 0.6083333328125 0.0046875 0.609722221875 0.00234375 0.6138888890625
1 0 0.6972222218749999 0.27421875 0.6958333328124999 0.25234375 0.6916666671875 0.02421875 0.6916666671875 0.02018203125 0.6916666671875 0 0.6916666671875 0 0.6972222218749999
1 0.85546875 0.6916666671875 0.70703125 0.6888888890625 0.70390625 0.6888888890625 0.621875 0.69305555625 0.85546875 0.6916666671875
1 0.934375 0.6916666671875 0.99921875 0.6875 0.9951289062500001 0.6875 0.91484375 0.6888888890625 0.934375 0.6916666671875
1 0.296875 0.7791666671875 0.2953125 0.775 0.2296875 0.7736111109375 0.01640625 0.7736111109375 0.009375 0.7736111109375 0 0.7791666671875 0.296875 0.7791666671875
1 0.43671875 0.777777778125 0.43359375 0.7736111109375 0.429375 0.7736111109375 0.40546875 0.7763888890625 0.43671875 0.777777778125
1 0.7 0.775 0.6765625 0.772222221875 0.672265625 0.772222221875 0.65390625 0.775 0.7 0.775
1 0.71171875 0.775 0.97421875 0.775 0.99921875 0.7736111109375 0.99921875 0.76944444375 0.9951703125 0.76944444375 0.7671875 0.7708333328125 0.71171875 0.775
1 0.00546875 0.8611111109375 0.053125 0.8638888890624999 0.1578125 0.8652777781250001 0.19453125 0.8611111109375 0.19375 0.85694444375 0.18203125 0.85555555625 0.03046875 0.85555555625 0.0265625 0.85555555625 0.00234375 0.85694444375 0.00546875 0.8611111109375
1 0.26015625 0.8625 0.26640625 0.8611111109375 0.2671875 0.85694444375 0.2609375 0.85694444375 0.20859375 0.8611111109375 0.26015625 0.8625
1 0.68671875 0.85555555625 0.684375 0.859722221875 0.97109375 0.8583333328125 0.99921875 0.85694444375 0.99921875 0.8513888890624999 0.99523046875 0.8513888890624999 0.71484375 0.8541666671874999 0.68671875 0.85555555625
1 0.0125 0.94305555625 0.14765625 0.94305555625 0.1265625 0.9388888890624999 0.0109375 0.9375 0.0046875 0.9375 0.0046875 0.9416666671874999 0.0125 0.94305555625
1 0.71484375 0.9416666671874999 0.87265625 0.94305555625 0.99921875 0.9388888890624999 0.99921875 0.934722221875 0.88984375 0.934722221875 0.8859375 0.934722221875 0.71875 0.9375 0.71484375 0.9416666671874999
0 0.48828125 0.8486111109375001 0.478125 0.85694444375 0.4703125 0.872222221875 0.4578125 0.8833333328125 0.4453125 0.9069444437499999 0.4046875 0.9125 0.390625 0.9416666671874999 0.38359375 0.9444444437499999 0.3828125 0.9513888890625 0.40078125 0.9986111109375001 0.5375 0.9986111109375001 0.53828125 0.9875 0.54453125 0.98055555625 0.5484375 0.98055555625 0.55234375 0.9875 0.55625 0.9861111109375 0.56015625 0.977777778125 0.56171875 0.925 0.56484375 0.91944444375 0.56015625 0.89444444375 0.54453125 0.872222221875 0.52890625 0.8652777781250001 0.52265625 0.8375 0.5171875 0.8375 0.5015625 0.85 0.48828125 0.8486111109375001
0 0.34765625 0.9986111109375001 0.3421875 0.952777778125 0.34140625 0.9513888890625 0.334375 0.9986111109375001 0.34765625 0.9986111109375001
2 0.28203125 0.6333333328124999 0.28203125 0.6361111109375 0.2796875 0.640277778125 0.27890625 0.640277778125 0.27890625 0.6458333328125 0.2796875 0.6458333328125 0.28046875 0.64305555625 0.28203125 0.640277778125 0.2828125 0.640277778125 0.2859375 0.6333333328124999 0.28828125 0.6319444437499999 0.28984375 0.6291666671875 0.29281953125000004 0.62751944375 0.29375 0.6347222218749999 0.29296875 0.6361111109375 0.29296875 0.64305555625 0.2921875 0.64444444375 0.2921875 0.6486111109375 0.29375 0.6513888890625 0.29453125 0.6513888890625 0.2953125 0.65 0.29609375 0.6416666671875 0.29765625 0.6375 0.29765625 0.6347222218749999 0.296875 0.6333333328124999 0.296875 0.63055555625 0.2953125 0.625 0.29296875 0.622222221875 0.28984375 0.622222221875 0.28671875 0.625 0.28203125 0.6333333328124999