1 0.89609375 0.5097222218749999 0.5515625 0.5097222218749999 0.54453125 0.515277778125 0.50234375 0.5097222218749999 0.5 0.515277778125 0.5015625 0.51944444375 0.5203125 0.525 0.57578125 0.525 0.58359375 0.51805555625 0.596875 0.515277778125 0.6078125 0.515277778125 0.6109375 0.5208333328125 0.615625 0.51805555625 0.63203125 0.525 0.9875 0.522222221875 0.99921875 0.5208333328125 0.99921875 0.50555555625 0.9951874999999999 0.50555555625 0.8984375 0.50555555625 0.89609375 0.5097222218749999
1 0 0.5236111109375 0.00859375 0.527777778125 0.30703125 0.527777778125 0.321875 0.522222221875 0.34375 0.5263888890625 0.43828125 0.5263888890625 0.47734375 0.5138888890625 0.3734375 0.5111111109375 0.3703125 0.5111111109375 0.3578125 0.515277778125 0 0.5125 0 0.5236111109375
1 0 0.6152777781250001 0.99921875 0.6111111109375 0.99921875 0.602777778125 0.95703125 0.602777778125 0.9546875 0.602777778125 0.5203125 0.6041666671875 0.25625 0.609722221875 0 0.60694444375 0 0.6152777781250001
1 0 0.6986111109375 0.15 0.7 0.2734375 0.6972222218749999 0.27734375 0.69305555625 0.16015625 0.690277778125 0.1578125 0.690277778125 0 0.6916666671875 0 0.6986111109375
1 0.6234375 0.69305555625 0.83828125 0.69305555625 0.78984375 0.6888888890625 0.7858984375 0.6888888890625 0.63203125 0.6888888890625 0.6234375 0.69305555625
1 0.99921875 0.69305555625 0.99921875 0.6861111109375 0.91640625 0.6861111109375 0.915625 0.6861111109375 0.91015625 0.6916666671875 0.99921875 0.69305555625
1 0.30546875 0.6972222218749999 0.34765625 0.6972222218749999 0.35234375 0.69305555625 0.30234375 0.6888888890625 0.3015625 0.6888888890625 0.296875 0.69305555625 0.30546875 0.6972222218749999
1 0.45859375 0.6972222218749999 0.51015625 0.69305555625 0.47734375 0.6888888890625 0.4734375 0.6888888890625 0.4484375 0.69305555625 0.45859375 0.6972222218749999
1 0.65625 0.772222221875 0.65 0.7763888890625 0.76875 0.7791666671875 0.99921875 0.775 0.99921875 0.76805555625 0.98515625 0.76805555625 0.98125 0.76805555625 0.6796875 0.7708333328125 0.65625 0.772222221875
1 0.1578125 0.7861111109375 0.16328125 0.7819444437499999 0.2765625 0.7819444437499999 0.28203125 0.777777778125 0.28046875 0.7736111109375 0.26875 0.772222221875 0.15859375 0.7736111109375 0.1578125 0.772222221875 0.14765625 0.775 0.1578125 0.7861111109375
1 0 0.7791666671875 0.09765625 0.7791666671875 0.10234375 0.775 0.0015625 0.772222221875 0 0.772222221875 0 0.7791666671875
1 0 0.8583333328125 0.01171875 0.8625 0.16953125 0.8652777781250001 0.25703125 0.8611111109375 0.15390625 0.85555555625 0.0171875 0.85555555625 0.00390625 0.852777778125 0.0015625 0.847222221875 0 0.847222221875 0.00234375 0.852777778125 0 0.8583333328125
1 0.68359375 0.85555555625 0.68125 0.859722221875 0.70078125 0.8638888890624999 0.725 0.8625 0.73203125 0.8680555562500001 0.73828125 0.8625 0.99921875 0.859722221875 0.99921875 0.852777778125 0.996875 0.8513888890624999 0.9928265625 0.8513888890624999 0.73203125 0.8541666671874999 0.68359375 0.85555555625
1 0.00390625 0.9361111109375001 0.00234375 0.940277778125 0.0125 0.9444444437499999 0.16015625 0.94305555625 0.15078125 0.934722221875 0.15 0.9333333328125001 0.14609375 0.9375 0.00390625 0.9361111109375001
1 0.1578125 0.9305555562500001 0.1578125 0.9013888890624999 0.15546875 0.9 0.15 0.9 0.15 0.9263888890624999 0.1578125 0.9305555562500001
1 0.1578125 0.8222222218749999 0.1578125 0.7819444437499999 0.1546875 0.7805555562500001 0.15390625 0.7791666671875 0.15390625 0.8208333328125 0.1578125 0.8222222218749999
1 0.7109375 0.9416666671874999 0.99921875 0.940277778125 0.99921875 0.934722221875 0.94765625 0.9361111109375001 0.946875 0.934722221875 0.73125 0.9375 0.7109375 0.9416666671874999
0 0.47734375 0.8375 0.4625 0.8458333328125001 0.43515625 0.890277778125 0.42734375 0.8958333328125001 0.39140625 0.8986111109375001 0.378125 0.9263888890624999 0.37109375 0.9305555562500001 0.3703125 0.9361111109375001 0.39453125 0.9986111109375001 0.58046875 0.9986111109375001 0.58046875 0.9930555562500001 0.5625 0.965277778125 0.5671875 0.9513888890625 0.56015625 0.9263888890624999 0.55390625 0.8875 0.53984375 0.875 0.53359375 0.8625 0.51484375 0.85555555625 0.51171875 0.8375 0.50546875 0.83055555625 0.5046875 0.83055555625 0.490625 0.8388888890624999 0.47734375 0.8375
0 0.3375 0.9986111109375001 0.3296875 0.952777778125 0.3296875 0.9513888890625 0.321875 0.9986111109375001 0.3375 0.9986111109375001
3 0.9265625 0.372222221875 0.9296875 0.3791666671875 0.93125 0.40277777812500004 0.934375 0.40972222187499996 0.93125 0.434722221875 0.93671875 0.44166666718750003 0.9390625 0.4513888890625 0.94609375 0.45694444375 0.9515625 0.45694444375 0.95546875 0.45 0.95546875 0.44166666718750003 0.9640625 0.4361111109375 0.99921875 0.43055555625 0.99921875 0.35972222187499997 0.99609375 0.35972222187499997 0.98671875 0.3458333328125 0.99140625 0.34027777812500004 0.98828125 0.33194444375 0.971875 0.33055555625 0.96796875 0.33055555625 0.9453125 0.34027777812500004 0.9265625 0.372222221875
2 0.278125 0.6541666671875 0.27578125 0.652777778125 0.275 0.6513888890625 0.27421875 0.6583333328125 0.278125 0.6541666671875