1 0 0.51805555625 0.00546875 0.51944444375 0.009375 0.527777778125 0.0171875 0.527777778125 0.028125 0.5208333328125 0.0484375 0.527777778125 0.1296875 0.527777778125 0.1453125 0.5208333328125 0.17265625 0.527777778125 0.31640625 0.527777778125 0.340625 0.51944444375 0.34453125 0.525 0.35859375 0.5208333328125 0.36328125 0.525 0.4265625 0.5263888890625 0.44765625 0.51805555625 0.48671875 0.51805555625 0.496875 0.5138888890625 0.375 0.5111111109375 0.3703125 0.5111111109375 0.00703125 0.5125 0 0.5138888890625 0 0.51805555625
1 0.653125 0.5083333328124999 0.6484375 0.5097222218749999 0.64765625 0.515277778125 0.65078125 0.522222221875 0.99921875 0.5208333328125 0.99921875 0.50555555625 0.88828125 0.5041666671875 0.88203125 0.5041666671875 0.86015625 0.5083333328124999 0.653125 0.5083333328124999
1 0.51796875 0.5125 0.5171875 0.5208333328125 0.525 0.525 0.5609375 0.525 0.5671875 0.5208333328125 0.60078125 0.525 0.625 0.5125 0.6203125 0.5097222218749999 0.61634375 0.5097222218749999 0.52109375 0.5097222218749999 0.51796875 0.5125
1 0 0.6138888890625 0.334375 0.6166666671875001 0.99921875 0.6111111109375 0.99921875 0.602777778125 0.93984375 0.6013888890625 0.9390625 0.6013888890625 0.5140625 0.6041666671875 0.334375 0.609722221875 0 0.60694444375 0 0.6138888890625
1 0 0.6986111109375 0.22265625 0.6972222218749999 0.2140625 0.69305555625 0.20859375 0.6958333328124999 0.20078125 0.6916666671875 0.16015625 0.690277778125 0.15625 0.690277778125 0 0.6916666671875 0 0.6986111109375
1 0.73515625 0.6972222218749999 0.8609375 0.69305555625 0.85390625 0.6875 0.8171875 0.6875 0.8132421875 0.6875 0.65859375 0.69305555625 0.73515625 0.6972222218749999
1 0.99921875 0.6944444437499999 0.99921875 0.6875 0.9953125 0.6861111109375 0.93984375 0.6861111109375 0.9390625 0.6861111109375 0.92265625 0.6916666671875 0.99921875 0.6944444437499999
1 0.453125 0.6972222218749999 0.46796875 0.69305555625 0.46015625 0.690277778125 0.45390625 0.690277778125 0.45 0.69305555625 0.453125 0.6972222218749999
1 0 0.7791666671875 0.2015625 0.7833333328125 0.30078125 0.7833333328125 0.3234375 0.7791666671875 0.27265625 0.7736111109375 0.01796875 0.772222221875 0.01640625 0.772222221875 0 0.7736111109375 0 0.7791666671875
1 0.95546875 0.7763888890625 0.99921875 0.775 0.99921875 0.76944444375 0.9952453125 0.76944444375 0.69609375 0.775 0.95546875 0.7763888890625
1 0 0.859722221875 0.0515625 0.8652777781250001 0.1578125 0.8666666671875 0.2734375 0.8611111109375 0.271875 0.85694444375 0.00625 0.8541666671874999 0.00546875 0.852777778125 0 0.8541666671874999 0 0.859722221875
1 0.7265625 0.8611111109375 0.91015625 0.8611111109375 0.99921875 0.85694444375 0.99921875 0.8513888890624999 0.903125 0.8513888890624999 0.89921875 0.8513888890624999 0.72265625 0.85694444375 0.7265625 0.8611111109375
1 0.37421875 0.6958333328124999 0.3671875 0.690277778125 0.3640625 0.690277778125 0.3625 0.6972222218749999 0.37421875 0.6958333328124999
1 0.56796875 0.6916666671875 0.5634765625 0.6916666671875 0.54921875 0.69305555625 0.56796875 0.6916666671875
1 0.00234375 0.9388888890624999 0.00546875 0.94305555625 0.15 0.9444444437499999 0.15078125 0.9375 0.15 0.9361111109375001 0.1453125 0.940277778125 0.00234375 0.9388888890624999
1 0.7546875 0.94305555625 0.99921875 0.9388888890624999 0.99921875 0.93194444375 0.92109375 0.93194444375 0.91640625 0.93194444375 0.74921875 0.9388888890624999 0.7546875 0.94305555625
0 0.521875 0.8430555562500001 0.51171875 0.8611111109375 0.48359375 0.8916666671875 0.46328125 0.8986111109375001 0.4421875 0.8986111109375001 0.43671875 0.9069444437499999 0.43671875 0.91944444375 0.43203125 0.9305555562500001 0.4234375 0.9305555562500001 0.4109375 0.9236111109375 0.4109375 0.93194444375 0.440625 0.9986111109375001 0.5671875 0.9986111109375001 0.56796875 0.98194444375 0.56328125 0.9763888890624999 0.5609375 0.965277778125 0.56015625 0.9305555562500001 0.56328125 0.9055555562500001 0.57265625 0.897222221875 0.57421875 0.9083333328125001 0.58125 0.915277778125 0.57578125 0.9236111109375 0.5765625 0.9263888890624999 0.5875 0.9388888890624999 0.59609375 0.9263888890624999 0.5953125 0.915277778125 0.6 0.8958333328125001 0.59609375 0.8763888890624999 0.590625 0.8763888890624999 0.58125 0.8680555562500001 0.5703125 0.8680555562500001 0.56796875 0.8222222218749999 0.56328125 0.8222222218749999 0.54453125 0.8458333328125001 0.521875 0.8430555562500001
0 0.3515625 0.9986111109375001 0.37890625 0.9986111109375001 0.3765625 0.9625 0.37265625 0.9472222218749999 0.37265625 0.9458333328125 0.365625 0.98194444375 0.3515625 0.9986111109375001
3 0.94609375 0.34027777812500004 0.94296875 0.35555555625 0.9375 0.3611111109375 0.9359375 0.41944444374999995 0.93203125 0.434722221875 0.9390625 0.4486111109375 0.9515625 0.45416666718750004 0.9484375 0.45 0.95859375 0.434722221875 0.9859375 0.427777778125 0.99921875 0.4291666671875 0.99921875 0.34861111093749997 0.996875 0.34722222187499996 0.99921875 0.34444444375 0.99921875 0.33055555625 0.98359375 0.3291666671875 0.978125 0.3291666671875 0.96015625 0.33194444375 0.94609375 0.34027777812500004
2 0.3109375 0.622222221875 0.30390625 0.6291666671875 0.2984375 0.6291666671875 0.29453125 0.622222221875 0.28671875 0.625 0.27890625 0.640277778125 0.28203125 0.65 0.28125 0.659722221875 0.29375 0.665277778125 0.284375 0.6805555562500001 0.2765625 0.6777777781250001 0.27890625 0.665277778125 0.27109375 0.665277778125 0.2671875 0.672222221875 0.2671875 0.6861111109375 0.27109375 0.6958333328124999 0.2828125 0.6986111109375 0.29609375 0.684722221875 0.29765625 0.6777777781250001 0.3234375 0.6416666671875 0.33046875 0.6236111109375 0.3296875 0.6180555562500001 0.3265625 0.6180555562500001 0.32578125 0.6166666671875001 0.31796875 0.6236111109375 0.3109375 0.622222221875