1 0.47734375 0.5236111109375 0.56015625 0.5236111109375 0.565625 0.51805555625 0.57734375 0.515277778125 0.61328125 0.5138888890625 0.64609375 0.515277778125 0.65 0.522222221875 0.7203125 0.5236111109375 0.99921875 0.5208333328125 0.99921875 0.50555555625 0.88515625 0.50555555625 0.884375 0.5041666671875 0.87265625 0.5083333328124999 0.47890625 0.5097222218749999 0.4734375 0.5138888890625 0.47734375 0.5236111109375
1 0 0.51805555625 0.0171875 0.527777778125 0.0265625 0.51944444375 0.0484375 0.527777778125 0.1296875 0.527777778125 0.1453125 0.5208333328125 0.1734375 0.527777778125 0.2671875 0.527777778125 0.28671875 0.5263888890625 0.29921875 0.51805555625 0.3125 0.51805555625 0.31484375 0.525 0.3296875 0.5263888890625 0.39375 0.5263888890625 0.4125 0.522222221875 0.425 0.525 0.43046875 0.51944444375 0.44921875 0.5138888890625 0.4375 0.5097222218749999 0.43307265624999997 0.5097222218749999 0.34140625 0.5111111109375 0.3359375 0.5125 0.33359375 0.51805555625 0.32265625 0.51944444375 0.31484375 0.51944444375 0.3109375 0.5125 0 0.5125 0 0.51805555625
1 0 0.6138888890625 0.35390625 0.6152777781250001 0.375 0.6111111109375 0.35625 0.6083333328125 0.3515625 0.6083333328125 0 0.609722221875 0 0.6138888890625
1 0.99921875 0.609722221875 0.99921875 0.6041666671875 0.95859375 0.602777778125 0.9578125 0.602777778125 0.89609375 0.60694444375 0.53984375 0.60694444375 0.525 0.6111111109375 0.99921875 0.609722221875
1 0.51041640625 0.60694444375 0.38671875 0.6111111109375 0.51640625 0.6111111109375 0.51484375 0.60694444375 0.51041640625 0.60694444375
1 0 0.6972222218749999 0.27265625 0.6958333328124999 0.27109375 0.6916666671875 0.0765625 0.6916666671875 0.07578125 0.690277778125 0 0.6916666671875 0 0.6972222218749999
1 0.325 0.6944444437499999 0.32734375 0.69305555625 0.32578125 0.690277778125 0.325 0.6944444437499999
1 0.81640625 0.69305555625 0.8171875 0.6888888890625 0.81484375 0.6875 0.8108984375 0.6875 0.7359375 0.6875 0.6859375 0.69305555625 0.80703125 0.6944444437499999 0.81640625 0.69305555625
1 0.475 0.69305555625 0.44375 0.690277778125 0.43828125 0.690277778125 0.371875 0.69305555625 0.3765625 0.6972222218749999 0.4640625 0.6972222218749999 0.475 0.69305555625
1 0.93984375 0.6861111109375 0.9390625 0.6861111109375 0.9265625 0.690277778125 0.99921875 0.69305555625 0.99921875 0.6861111109375 0.93984375 0.6861111109375
1 0.58671875 0.690277778125 0.5826390625 0.690277778125 0.54765625 0.69305555625 0.58515625 0.6944444437499999 0.58828125 0.69305555625 0.58671875 0.690277778125
1 0.85390625 0.6875 0.85 0.6875 0.8359375 0.6888888890625 0.83828125 0.69305555625 0.8578125 0.6916666671875 0.85390625 0.6875
1 0.02734375 0.7736111109375 0.021875 0.7736111109375 0.003125 0.777777778125 0.3296875 0.777777778125 0.28359375 0.7736111109375 0.02734375 0.7736111109375
1 0.99921875 0.7666666671875 0.9859375 0.765277778125 0.78359375 0.7666666671875 0.7828125 0.765277778125 0.7203125 0.7666666671875 0.71640625 0.7736111109375 0.99921875 0.7736111109375 0.99921875 0.7666666671875
1 0.259375 0.8611111109375 0.1390625 0.85555555625 0.1350640625 0.85555555625 0 0.85694444375 0.01796875 0.8625 0.10234375 0.8638888890624999 0.259375 0.8611111109375
1 0.99921875 0.8513888890624999 0.9640625 0.8513888890624999 0.95989609375 0.8513888890624999 0.7421875 0.85694444375 0.75 0.8611111109375 0.99921875 0.85694444375 0.99921875 0.8513888890624999
1 0.10390625 0.8958333328125001 0.0125 0.8986111109375001 0.003125 0.925 0.0046875 0.9388888890624999 0.15078125 0.9388888890624999 0.15 0.902777778125 0.10390625 0.8958333328125001
1 0.7734375 0.9375 0.76796875 0.940277778125 0.98359375 0.940277778125 0.99921875 0.934722221875 0.7734375 0.9375
0 0.5359375 0.8333333328125001 0.5359375 0.840277778125 0.5328125 0.8458333328125001 0.515625 0.85694444375 0.5 0.8763888890624999 0.48046875 0.8819444437499999 0.46640625 0.8763888890624999 0.4546875 0.8791666671874999 0.45078125 0.8861111109375001 0.44921875 0.902777778125 0.44375 0.9138888890624999 0.42734375 0.9069444437499999 0.4234375 0.909722221875 0.44453125 0.9638888890624999 0.45078125 0.972222221875 0.46171875 0.9986111109375001 0.5828125 0.9986111109375001 0.58359375 0.9694444437499999 0.578125 0.9638888890624999 0.5765625 0.9388888890624999 0.58125 0.890277778125 0.58828125 0.8875 0.59296875 0.89305555625 0.59296875 0.9138888890624999 0.5953125 0.9208333328125 0.6 0.9236111109375 0.6 0.9333333328125001 0.603125 0.934722221875 0.61484375 0.915277778125 0.61484375 0.9083333328125001 0.621875 0.8888888890625 0.6203125 0.8736111109375001 0.61484375 0.8611111109375 0.609375 0.8625 0.603125 0.85694444375 0.59140625 0.859722221875 0.5875 0.852777778125 0.58828125 0.8138888890624999 0.5859375 0.809722221875 0.58203125 0.809722221875 0.56015625 0.8361111109375001 0.5453125 0.8263888890625 0.53984375 0.8291666671875 0.5359375 0.8333333328125001
1 0.34921875 0.98194444375 0.3390625 0.9986111109375001 0.39453125 0.9986111109375001 0.3890625 0.9416666671874999 0.384375 0.9291666671875 0.38359375 0.9291666671875 0.38046875 0.9375 0.37890625 0.95555555625 0.3734375 0.9694444437499999 0.34921875 0.98194444375
2 0.31875 0.64305555625 0.31640625 0.64444444375 0.3109375 0.6555555562500001 0.3078125 0.6569444437499999 0.3046875 0.6569444437499999 0.303125 0.6541666671875 0.30390625 0.6458333328125 0.31484375 0.6263888890625 0.31484375 0.622222221875 0.309375 0.622222221875 0.3046875 0.6291666671875 0.296875 0.6291666671875 0.29296875 0.622222221875 0.28671875 0.625 0.2828125 0.63055555625 0.27890625 0.640277778125 0.27890625 0.6458333328125 0.28125 0.6458333328125 0.2828125 0.6486111109375 0.2828125 0.6569444437499999 0.28671875 0.6625 0.290625 0.659722221875 0.29375 0.6541666671875 0.29609375 0.6541666671875 0.29765625 0.6569444437499999 0.296875 0.6666666671875 0.2875 0.6875 0.28359375 0.6916666671875 0.278125 0.6916666671875 0.275 0.690277778125 0.27265625 0.684722221875 0.27265625 0.6763888890625 0.27578125 0.66944444375 0.275 0.6666666671875 0.27109375 0.665277778125 0.2671875 0.672222221875 0.2671875 0.684722221875 0.26953125 0.6888888890625 0.26953125 0.6916666671875 0.27734375 0.6986111109375 0.28984375 0.69305555625 0.29296875 0.6861111109375 0.29609375 0.6833333328125 0.296875 0.6791666671875001 0.3046875 0.6638888890625 0.31015625 0.659722221875 0.3125 0.6541666671875 0.31484375 0.6541666671875 0.31796875 0.65 0.3203125 0.64305555625 0.32265625 0.6416666671875 0.3234375 0.6361111109375 0.32578125 0.6361111109375 0.3265625 0.6333333328124999 0.32578125 0.625 0.32734375 0.622222221875 0.3296875 0.622222221875 0.32734375 0.6180555562500001 0.32578125 0.6180555562500001 0.325 0.6208333328125 0.32578125 0.6291666671875 0.3234375 0.6347222218749999 0.31875 0.64305555625
3 0.93125 0.372222221875 0.9359375 0.377777778125 0.934375 0.40277777812500004 0.93671875 0.41111111093749997 0.93203125 0.434722221875 0.9390625 0.4486111109375 0.95078125 0.45555555625000005 0.94921875 0.45 0.95546875 0.4375 0.96015625 0.434722221875 0.98515625 0.4291666671875 0.99921875 0.43055555625 0.99921875 0.33055555625 0.9828125 0.33055555625 0.98203125 0.3291666671875 0.9546875 0.334722221875 0.94453125 0.3416666671875 0.93125 0.35972222187499997 0.93125 0.372222221875
0 0.34921875 0.98194444375 0.33828125 0.9986111109375001 0.39453125 0.9986111109375001 0.3890625 0.9416666671874999 0.384375 0.9291666671875 0.38359375 0.9291666671875 0.38046875 0.9375 0.37890625 0.95694444375 0.37421875 0.9680555562500001 0.34921875 0.98194444375