2 0.24609375 0.6263888890625 0.23671875 0.6347222218749999 0.23203125 0.6347222218749999 0.228125 0.6291666671875 0.21796875 0.6347222218749999 0.2125 0.6458333328125 0.2125 0.6541666671875 0.21640625 0.6569444437499999 0.2203125 0.6777777781250001 0.22265625 0.6708333328125 0.228125 0.66944444375 0.22890625 0.6736111109375 0.2203125 0.6944444437499999 0.2125 0.6972222218749999 0.20703125 0.6888888890625 0.2125 0.6763888890625 0.21015625 0.672222221875 0.2046875 0.672222221875 0.2015625 0.6805555562500001 0.203125 0.7 0.2125 0.70555555625 0.22265625 0.702777778125 0.23203125 0.6888888890625 0.234375 0.7013888890625 0.2421875 0.6944444437499999 0.25078125 0.7 0.259375 0.6972222218749999 0.26328125 0.7013888890625 0.271875 0.7013888890625 0.2796875 0.69305555625 0.2828125 0.6777777781250001 0.2796875 0.6736111109375 0.278125 0.6569444437499999 0.2703125 0.6569444437499999 0.26328125 0.6666666671875 0.25703125 0.6569444437499999 0.2578125 0.6486111109375 0.26484375 0.6319444437499999 0.26328125 0.622222221875 0.259375 0.622222221875 0.2515625 0.6319444437499999 0.24609375 0.6263888890625
2 0.31640625 0.6736111109375 0.30234375 0.6972222218749999 0.31015625 0.6916666671875 0.31796875 0.7013888890625 0.328125 0.6944444437499999 0.3328125 0.6986111109375 0.3375 0.6958333328124999 0.34921875 0.7 0.35703125 0.6888888890625 0.36484375 0.6986111109375 0.3703125 0.69305555625 0.37421875 0.7 0.38046875 0.7 0.3859375 0.69305555625 0.38984375 0.6736111109375 0.3859375 0.672222221875 0.38046875 0.6583333328125 0.3609375 0.665277778125 0.3515625 0.6611111109375 0.34140625 0.6736111109375 0.340625 0.6611111109375 0.34375 0.6513888890625 0.33671875 0.6458333328125 0.33984375 0.6361111109375 0.3375 0.627777778125 0.33359375 0.627777778125 0.32890625 0.6347222218749999 0.31640625 0.6736111109375
2 0.4125 0.69305555625 0.421875 0.6986111109375 0.446875 0.6958333328124999 0.4796875 0.7 0.4859375 0.6958333328124999 0.48828125 0.7 0.4859375 0.7083333328125 0.46875 0.734722221875 0.46640625 0.752777778125 0.4703125 0.7583333328124999 0.475 0.7569444437499999 0.4828125 0.7458333328125 0.49453125 0.70694444375 0.5015625 0.6972222218749999 0.51328125 0.6972222218749999 0.51640625 0.6861111109375 0.5203125 0.6888888890625 0.52265625 0.6986111109375 0.52890625 0.6986111109375 0.5328125 0.6916666671875 0.53984375 0.6986111109375 0.5609375 0.6972222218749999 0.5640625 0.69305555625 0.57578125 0.6986111109375 0.584375 0.6833333328125 0.58359375 0.6777777781250001 0.57734375 0.6875 0.571875 0.684722221875 0.578125 0.6569444437499999 0.5875 0.6319444437499999 0.5875 0.625 0.58515625 0.6236111109375 0.57890625 0.63055555625 0.571875 0.6555555562500001 0.56171875 0.6569444437499999 0.55625 0.6638888890625 0.55 0.6569444437499999 0.54453125 0.6569444437499999 0.5328125 0.672222221875 0.52734375 0.6569444437499999 0.5359375 0.6319444437499999 0.53203125 0.622222221875 0.52421875 0.6319444437499999 0.515625 0.6555555562500001 0.49375 0.6569444437499999 0.4890625 0.6625 0.48515625 0.6569444437499999 0.44609375 0.6541666671875 0.4375 0.6611111109375 0.43125 0.675 0.43046875 0.665277778125 0.43515625 0.6583333328125 0.4421875 0.63055555625 0.43984375 0.622222221875 0.4390625 0.6208333328125 0.43125 0.63055555625 0.4125 0.69305555625
2 0.66171875 0.64305555625 0.65390625 0.6513888890625 0.63359375 0.6541666671875 0.6171875 0.6861111109375 0.603125 0.690277778125 0.6 0.6958333328124999 0.61484375 0.6972222218749999 0.62109375 0.6916666671875 0.63046875 0.7 0.675 0.6958333328124999 0.671875 0.690277778125 0.67265625 0.6763888890625 0.66796875 0.6625 0.66875 0.6541666671875 0.6734375 0.6458333328125 0.67265625 0.6291666671875 0.6703125 0.6263888890625 0.66953125 0.6263888890625 0.66484375 0.63055555625 0.66171875 0.64305555625
2 0.70390625 0.6541666671875 0.69921875 0.6611111109375 0.6953125 0.6791666671875001 0.6875 0.6888888890625 0.68671875 0.6958333328124999 0.7 0.6944444437499999 0.6984375 0.6833333328125 0.715625 0.6375 0.71328125 0.63055555625 0.71171875 0.63055555625 0.70625 0.6388888890625 0.70390625 0.6541666671875
2 0.7203125 0.6361111109375 0.7171875 0.6361111109375 0.71796875 0.6458333328125 0.71015625 0.675 0.70078125 0.6888888890625 0.69921875 0.6833333328125 0.70234375 0.6638888890625 0.715625 0.6388888890625 0.71328125 0.63055555625 0.70859375 0.6347222218749999 0.703125 0.659722221875 0.6921875 0.684722221875 0.6953125 0.6888888890625 0.69453125 0.6958333328124999 0.73984375 0.6972222218749999 0.7453125 0.69305555625 0.75390625 0.6736111109375 0.74765625 0.6555555562500001 0.740625 0.652777778125 0.73203125 0.6638888890625 0.72578125 0.6541666671875 0.7265625 0.6458333328125 0.7328125 0.6319444437499999 0.7328125 0.61944444375 0.73203125 0.6180555562500001 0.7265625 0.6208333328125 0.7203125 0.6361111109375
1 0 0.5361111109375 0.38125 0.5333333328125 0.48828125 0.5305555562500001 0.49765625 0.5236111109375 0.50546875 0.5236111109375 0.509375 0.5291666671875 0.5328125 0.5305555562500001 0.99921875 0.525 0.99921875 0.5097222218749999 0.99527421875 0.5097222218749999 0 0.51944444375 0 0.5361111109375
1 0 0.6208333328125 0.2140625 0.622222221875 0.99921875 0.6138888890625 0.99921875 0.6083333328125 0.98671875 0.6083333328125 0.9859375 0.60694444375 0.5328125 0.6125 0.43125 0.609722221875 0.20234375 0.6152777781250001 0 0.6125 0 0.6208333328125
1 0 0.70694444375 0.21328125 0.7041666671875 0.20546875 0.6986111109375 0.00859375 0.6972222218749999 0.004296875 0.6972222218749999 0 0.6972222218749999 0 0.70694444375
1 0.0953125 0.777777778125 0.0921875 0.7833333328125 0.09453125 0.7875 0.2484375 0.7888888890625 0.49140625 0.7833333328125 0.7828125 0.7833333328125 0.78671875 0.7791666671875 0.75546875 0.775 0.4515625 0.775 0.44921875 0.775 0.34140625 0.7805555562500001 0.0953125 0.777777778125
1 0 0.7875 0.06015625 0.7875 0.0859375 0.7833333328125 0.0671875 0.7791666671875 0.003125 0.7791666671875 0 0.7791666671875 0 0.7875
1 0.85546875 0.69305555625 0.85546875 0.6972222218749999 0.99921875 0.6972222218749999 0.99921875 0.6916666671875 0.87734375 0.6916666671875 0.87265625 0.6916666671875 0.85859375 0.6916666671875 0.85546875 0.69305555625
1 0 0.8680555562500001 0.07578125 0.86944444375 0.090625 0.8652777781250001 0.09375 0.86944444375 0.6890625 0.8708333328125001 0.74296875 0.8638888890624999 0.73984375 0.859722221875 0.7203125 0.8583333328125 0.4640625 0.8611111109375 0.446875 0.85694444375 0.30859375 0.8611111109375 0.2046875 0.8583333328125 0.19765625 0.8625 0.1734375 0.8583333328125 0.11875 0.8611111109375 0.1109375 0.85694444375 0.10234375 0.8625 0.09609375 0.8541666671874999 0.0953125 0.8541666671874999 0.08828125 0.8638888890624999 0.08359375 0.859722221875 0 0.8611111109375 0 0.8680555562500001
1 0.07734375 0.7833333328125 0.0828125 0.790277778125 0.08359375 0.8055555562500001 0.084375 0.8611111109375 0.08203125 0.8652777781250001 0.08515625 0.875 0.08515625 0.9236111109375 0.084375 0.94305555625 0.08203125 0.9472222218749999 0.08515625 0.9541666671875 0.08515625 0.9930555562500001 0.0875 0.9986111109375001 0.09140625 0.99444444375 0.0953125 0.965277778125 0.0953125 0.9472222218749999 0.090625 0.9291666671875 0.09453125 0.872222221875 0.09453125 0.852777778125 0.09140625 0.8375 0.09453125 0.7805555562500001 0.0921875 0.7638888890625 0.084375 0.7569444437499999 0.08359375 0.7569444437499999 0.0828125 0.777777778125 0.07734375 0.7833333328125
1 0 0.9486111109375001 0.03046875 0.9486111109375001 0.04375 0.952777778125 0.0890625 0.9513888890625 0.0953125 0.9611111109375001 0.0984375 0.952777778125 0.14921875 0.9513888890625 0.63828125 0.952777778125 0.6984375 0.9513888890625 0.7125 0.9472222218749999 0.70859375 0.9416666671874999 0.1875 0.9444444437499999 0.17734375 0.9388888890624999 0.16953125 0.9444444437499999 0.09296875 0.94305555625 0.0875 0.9472222218749999 0.084375 0.9388888890624999 0.07890625 0.9388888890624999 0.07578125 0.9444444437499999 0 0.9416666671874999 0 0.9486111109375001
1 0.96171875 0.7791666671875 0.96640625 0.7833333328125 0.978125 0.7805555562500001 0.98671875 0.7888888890625 0.98515625 0.79444444375 0.98984375 0.7986111109375 0.99921875 0.7958333328125 0.99921875 0.772222221875 0.9946875000000001 0.772222221875 0.9625 0.7736111109375 0.96171875 0.7791666671875
0 0.9515625 0.9694444437499999 0.96796875 0.9958333328125001 0.99921875 0.9986111109375001 0.99921875 0.972222221875 0.98671875 0.972222221875 0.975 0.965277778125 0.9625 0.952777778125 0.9546875 0.9361111109375001 0.95390625 0.9361111109375001 0.9515625 0.9416666671874999 0.9515625 0.9694444437499999
0 0.85390625 0.98194444375 0.85 0.9916666671875 0.84296875 0.9916666671875 0.8421875 0.9986111109375001 0.9140625 0.9986111109375001 0.9109375 0.9902777781250001 0.9046875 0.984722221875 0.90234375 0.975 0.89140625 0.977777778125 0.88515625 0.972222221875 0.8765625 0.972222221875 0.871875 0.9638888890624999 0.865625 0.9625 0.86484375 0.9611111109375001 0.86171875 0.98055555625 0.85390625 0.98194444375
3 0.9390625 0.3138888890625 0.9453125 0.3138888890625 0.93828125 0.32083333281250004 0.93828125 0.3263888890625 0.9421875 0.33055555625 0.909375 0.33055555625 0.89296875 0.3375 0.87265625 0.3541666671875 0.86484375 0.36666666718749996 0.8609375 0.38333333281250004 0.86171875 0.41111111093749997 0.86640625 0.434722221875 0.87421875 0.4388888890625 0.878125 0.45694444375 0.8875 0.4625 0.89375 0.4611111109375 0.8921875 0.46666666718750005 0.90078125 0.4583333328125 0.8984375 0.4583333328125 0.89765625 0.45277777812500003 0.91015625 0.4513888890625 0.8984375 0.44305555625000004 0.9015625 0.4388888890625 0.921875 0.43333333281249997 0.946875 0.4375 0.94609375 0.44305555625000004 0.9515625 0.440277778125 0.97421875 0.4458333328125 0.9890625 0.44444444375 0.99296875 0.4458333328125 0.9921875 0.45 0.99921875 0.447222221875 0.99921875 0.30555555624999997 0.98359375 0.3013888890625 0.96015625 0.30555555624999997 0.95234375 0.302777778125 0.95234375 0.2986111109375 0.95 0.2986111109375 0.93828125 0.3083333328125 0.9390625 0.3138888890625