1 0.16015625 0.5166666671875 0.1734375 0.5208333328125 0.20078125 0.51944444375 0.215625 0.5263888890625 0.3203125 0.5291666671875 0.99921875 0.5208333328125 0.99921875 0.50555555625 0.95546875 0.5041666671875 0.9513671875 0.5041666671875 0.8890625 0.5083333328124999 0.56015625 0.5125 0.16328125 0.5125 0.16015625 0.5166666671875
1 0 0.5166666671875 0.09765625 0.5166666671875 0.0953125 0.5125 0.0765625 0.5111111109375 0.00625 0.5125 0.00546875 0.5111111109375 0 0.5125 0 0.5166666671875
1 0.13984375 0.5125 0.13515625 0.5125 0.12578125 0.5125 0.12421875 0.5166666671875 0.14296875 0.5166666671875 0.13984375 0.5125
1 0.06953125 0.5291666671875 0.10625 0.5291666671875 0.1125 0.525 0.06796875 0.51805555625 0.0671875 0.51805555625 0.0609375 0.522222221875 0.05390625 0.5208333328125 0.05625 0.527777778125 0.06953125 0.5291666671875
1 0 0.527777778125 0.021875 0.5291666671875 0.0359375 0.5208333328125 0.015625 0.5166666671875 0.01171875 0.5166666671875 0 0.51944444375 0 0.527777778125
1 0 0.6138888890625 0.3921875 0.6166666671875001 0.99921875 0.6111111109375 0.99921875 0.6041666671875 0.90390625 0.6041666671875 0.903125 0.6041666671875 0.32578125 0.6111111109375 0 0.6083333328125 0 0.6138888890625
1 0 0.6972222218749999 0.221875 0.6972222218749999 0.215625 0.69305555625 0.15234375 0.6944444437499999 0.13828125 0.6888888890625 0.13046875 0.69305555625 0.12421875 0.6888888890625 0.11953125 0.6888888890625 0.11484375 0.69305555625 0 0.6916666671875 0 0.6972222218749999
1 0.41171875 0.6916666671875 0.40765624999999994 0.6916666671875 0.37109375 0.6916666671875 0.3625 0.6958333328124999 0.42109375 0.6958333328124999 0.41171875 0.6916666671875
1 0.99921875 0.6875 0.70234375 0.6875 0.698125 0.6875 0.590625 0.6888888890625 0.5578125 0.69305555625 0.99921875 0.6944444437499999 0.99921875 0.6875
1 0.5109375 0.7736111109375 0.48125 0.772222221875 0.47734375 0.772222221875 0.45078125 0.7736111109375 0.44921875 0.777777778125 0.51328125 0.777777778125 0.5109375 0.7736111109375
1 0 0.7791666671875 0.146875 0.7819444437499999 0.15234375 0.790277778125 0.15703125 0.790277778125 0.16015625 0.784722221875 0.17734375 0.7833333328125 0.29375 0.784722221875 0.30390625 0.7833333328125 0.30625 0.7791666671875 0.16875 0.775 0.16015625 0.772222221875 0.1578125 0.75555555625 0.15234375 0.752777778125 0.15 0.752777778125 0.14765625 0.7583333328124999 0.1484375 0.772222221875 0.003125 0.7736111109375 0 0.775 0 0.7791666671875
1 0.425 0.775 0.36953125 0.7736111109375 0.36796875 0.7736111109375 0.35703125 0.775 0.35546875 0.7791666671875 0.42734375 0.7791666671875 0.425 0.775
1 0.99921875 0.7763888890625 0.99921875 0.76944444375 0.8421875 0.76805555625 0.84140625 0.76805555625 0.684375 0.7708333328125 0.67734375 0.775 0.84453125 0.7791666671875 0.99921875 0.7763888890625
3 0.93515625 0.3875 0.9328125 0.39444444375 0.9359375 0.4125 0.93203125 0.43055555625 0.94453125 0.4583333328125 0.9546875 0.46805555625000006 0.9671875 0.46805555625000006 0.9703125 0.48472222187499997 0.98671875 0.48194444374999995 0.984375 0.477777778125 0.9890625 0.475 0.990625 0.46944444374999994 0.99921875 0.46666666718750005 0.99921875 0.32777777812500003 0.9947914062500001 0.32777777812500003 0.96171875 0.33194444375 0.94140625 0.34722222187499996 0.93359375 0.3638888890625 0.93515625 0.3875
1 0 0.859722221875 0.0578125 0.8652777781250001 0.28671875 0.8666666671875 0.2953125 0.8611111109375 0.1546875 0.8541666671874999 0.00546875 0.852777778125 0.0046875 0.852777778125 0 0.8541666671874999 0 0.859722221875
1 0.99921875 0.8583333328125 0.99921875 0.852777778125 0.9953125 0.8513888890624999 0.81015625 0.8513888890624999 0.80390625 0.8513888890624999 0.72421875 0.852777778125 0.7046875 0.85694444375 0.71640625 0.8611111109375 0.99921875 0.8583333328125
1 0.15 0.9375 0.01015625 0.9361111109375001 0.00859375 0.9361111109375001 0 0.940277778125 0.15 0.9472222218749999 0.15859375 0.94305555625 0.15 0.9375
1 0.15 0.8361111109375001 0.1578125 0.834722221875 0.1578125 0.80694444375 0.1546875 0.797222221875 0.15859375 0.777777778125 0.15625 0.7736111109375 0.1546875 0.7361111109375 0.15390625 0.7361111109375 0.1484375 0.7513888890625 0.14921875 0.772222221875 0.146875 0.7763888890625 0.15 0.8361111109375001
1 0.996875 0.934722221875 0.86953125 0.9361111109375001 0.86875 0.934722221875 0.734375 0.9375 0.728125 0.9416666671874999 0.99921875 0.940277778125 0.996875 0.934722221875
0 0.46640625 0.93194444375 0.44609375 0.9416666671874999 0.42265625 0.9458333328125 0.41328125 0.975 0.40078125 0.975 0.39296875 0.9680555562500001 0.39140625 0.9708333328125001 0.40390625 0.9986111109375001 0.546875 0.9986111109375001 0.54765625 0.95555555625 0.55390625 0.9375 0.55859375 0.9375 0.5578125 0.94305555625 0.56171875 0.9472222218749999 0.559375 0.9541666671875 0.5609375 0.9736111109375001 0.56953125 0.9791666671874999 0.5828125 0.9583333328125001 0.5796875 0.95 0.584375 0.934722221875 0.5828125 0.91805555625 0.57890625 0.9083333328125001 0.56484375 0.8986111109375001 0.55703125 0.8986111109375001 0.55390625 0.89305555625 0.55390625 0.8652777781250001 0.55 0.8541666671874999 0.54921875 0.852777778125 0.52890625 0.877777778125 0.51015625 0.875 0.47890625 0.9208333328125 0.46640625 0.93194444375
0 0.35703125 0.9888888890624999 0.35390625 0.9986111109375001 0.35859375 0.9986111109375001 0.3578125 0.9902777781250001 0.35703125 0.9888888890624999
1 0.54453125 0.6916666671875 0.54296875 0.690277778125 0.5390625 0.690277778125 0.54453125 0.6916666671875
2 0.2859375 0.6263888890625 0.2796875 0.6416666671875 0.2828125 0.6486111109375 0.28125 0.6583333328125 0.28671875 0.6638888890625 0.29453125 0.659722221875 0.2953125 0.6638888890625 0.28359375 0.6916666671875 0.27890625 0.6916666671875 0.2734375 0.684722221875 0.27578125 0.66944444375 0.2703125 0.6666666671875 0.2671875 0.6736111109375 0.2671875 0.6875 0.271875 0.6972222218749999 0.2765625 0.7 0.28515625 0.6986111109375 0.29765625 0.6861111109375 0.30234375 0.6916666671875 0.3125 0.659722221875 0.32578125 0.6361111109375 0.32890625 0.6263888890625 0.3265625 0.6180555562500001 0.3234375 0.6180555562500001 0.30234375 0.63055555625 0.2984375 0.63055555625 0.29453125 0.6236111109375 0.2859375 0.6263888890625