1 0.51015625 0.5083333328124999 0.5 0.5097222218749999 0.4984375 0.5138888890625 0.5015625 0.525 0.52109375 0.51944444375 0.52890625 0.5236111109375 0.5359375 0.5166666671875 0.5484375 0.515277778125 0.6234375 0.515277778125 0.6265625 0.5208333328125 0.63046875 0.51805555625 0.6375 0.5236111109375 0.66171875 0.5236111109375 0.66875 0.51944444375 0.6734375 0.5236111109375 0.99921875 0.5208333328125 0.99921875 0.50555555625 0.88828125 0.5041666671875 0.88359375 0.5041666671875 0.87265625 0.5083333328124999 0.51015625 0.5083333328124999
1 0 0.5263888890625 0.03515625 0.527777778125 0.0484375 0.5208333328125 0.06015625 0.5208333328125 0.0640625 0.527777778125 0.071875 0.5291666671875 0.1109375 0.5291666671875 0.1359375 0.5263888890625 0.14453125 0.51944444375 0.17265625 0.527777778125 0.29296875 0.527777778125 0.309375 0.522222221875 0.3140625 0.5263888890625 0.340625 0.5236111109375 0.32578125 0.5125 0.14765625 0.5111111109375 0.140625 0.5111111109375 0.13125 0.515277778125 0.01015625 0.5125 0 0.5138888890625 0 0.5263888890625
1 0.346875 0.5166666671875 0.3609375 0.5263888890625 0.4078125 0.5263888890625 0.42734375 0.51805555625 0.45546875 0.51805555625 0.46328125 0.5138888890625 0.46015625 0.5097222218749999 0.45562500000000006 0.5097222218749999 0.3515625 0.5111111109375 0.346875 0.5166666671875
1 0 0.6152777781250001 0.3203125 0.6152777781250001 0.3265625 0.61944444375 0.33203125 0.6152777781250001 0.40546875 0.6166666671875001 0.4265625 0.6125 0.5609375 0.609722221875 0.5515625 0.60694444375 0.54713515625 0.60694444375 0 0.609722221875 0 0.6152777781250001
1 0.54140625 0.609722221875 0.9875 0.6111111109375 0.99921875 0.609722221875 0.99921875 0.602777778125 0.99510390625 0.602777778125 0.546875 0.60555555625 0.54140625 0.609722221875
1 0.06796875 0.6958333328124999 0.27109375 0.6958333328124999 0.234375 0.6916666671875 0.07734375 0.6916666671875 0.06796875 0.6958333328124999
1 0 0.6972222218749999 0.028125 0.6958333328124999 0.02265625 0.6916666671875 0.018125 0.6916666671875 0 0.6916666671875 0 0.6972222218749999
1 0.64375 0.6916666671875 0.684375 0.6958333328124999 0.83359375 0.6916666671875 0.99921875 0.69305555625 0.99921875 0.6875 0.996875 0.6861111109375 0.75078125 0.684722221875 0.72734375 0.690277778125 0.728125 0.684722221875 0.71953125 0.684722221875 0.71015625 0.690277778125 0.68828125 0.684722221875 0.68671875 0.690277778125 0.66328125 0.690277778125 0.66015625 0.684722221875 0.65703125 0.684722221875 0.65625 0.690277778125 0.64375 0.6916666671875
1 0.103125 0.7791666671875 0.33359375 0.7819444437499999 0.40390625 0.7791666671875 0.40625 0.775 0.15234375 0.772222221875 0.1484375 0.772222221875 0.109375 0.7736111109375 0.103125 0.7791666671875
1 0.79609375 0.775 0.99921875 0.775 0.99921875 0.76805555625 0.8109375 0.7666666671875 0.80625 0.7666666671875 0.7984375 0.76944444375 0.79609375 0.775
1 0 0.7791666671875 0.07734375 0.7805555562500001 0.08984375 0.775 0.0421875 0.772222221875 0.0390625 0.772222221875 0 0.7736111109375 0 0.7791666671875
1 0.5640625 0.7791666671875 0.603125 0.7791666671875 0.6140625 0.775 0.52890625 0.76944444375 0.528125 0.76944444375 0.5203125 0.775 0.5640625 0.7791666671875
1 0 0.859722221875 0.01484375 0.8625 0.16875 0.8652777781250001 0.29375 0.8611111109375 0.259375 0.85555555625 0.1734375 0.85694444375 0.134375 0.8513888890624999 0.01640625 0.8541666671874999 0.00625 0.8513888890624999 0.0015625 0.8458333328125001 0 0.8458333328125001 0 0.859722221875
1 0.82109375 0.85694444375 0.82734375 0.8611111109375 0.99921875 0.8583333328125 0.99921875 0.8486111109375001 0.9703125 0.8486111109375001 0.96953125 0.8486111109375001 0.859375 0.8513888890624999 0.82109375 0.85694444375
1 0.0046875 0.940277778125 0.14765625 0.9444444437499999 0.15 0.95 0.1578125 0.95 0.1609375 0.9444444437499999 0.2359375 0.9444444437499999 0.23203125 0.940277778125 0.1609375 0.940277778125 0.15859375 0.934722221875 0.153125 0.9361111109375001 0.15078125 0.9277777781250001 0.15 0.9263888890624999 0.14765625 0.9375 0.0046875 0.940277778125
1 0.153125 0.9986111109375001 0.15234375 0.9541666671875 0.1578125 0.94305555625 0.153125 0.934722221875 0.153125 0.9138888890624999 0.15625 0.902777778125 0.1515625 0.8916666671875 0.15 0.8916666671875 0.15 0.9986111109375001 0.153125 0.9986111109375001
1 0.99921875 0.9388888890624999 0.99921875 0.934722221875 0.94765625 0.934722221875 0.946875 0.934722221875 0.84609375 0.9388888890624999 0.99921875 0.9388888890624999
3 0.94296875 0.3513888890625 0.93203125 0.35694444375 0.934375 0.365277778125 0.93125 0.372222221875 0.93671875 0.3736111109375 0.93828125 0.38333333281250004 0.9390625 0.40138888906250003 0.93515625 0.40972222187499996 0.93828125 0.415277778125 0.93828125 0.4263888890625 0.94296875 0.425 0.9421875 0.43194444374999996 0.9453125 0.434722221875 0.9390625 0.4388888890625 0.9390625 0.4458333328125 0.95 0.459722221875 0.97109375 0.4583333328125 0.96875 0.45416666718750004 0.97109375 0.45 0.96875 0.447222221875 0.971875 0.44166666718750003 0.96953125 0.4388888890625 0.9734375 0.434722221875 0.99921875 0.43333333281249997 0.99921875 0.3736111109375 0.996875 0.372222221875 0.99921875 0.3708333328125 0.99921875 0.35972222187499997 0.990625 0.352777778125 0.99453125 0.34861111093749997 0.99140625 0.3458333328125 0.99296875 0.34305555625 0.99921875 0.3416666671875 0.99921875 0.33194444375 0.96796875 0.33055555625 0.965625 0.33055555625 0.9453125 0.34027777812500004 0.94296875 0.3513888890625
0 0.63671875 0.88055555625 0.625 0.8916666671875 0.61484375 0.89305555625 0.6 0.9041666671874999 0.58515625 0.9083333328125001 0.55546875 0.909722221875 0.54375 0.9041666671874999 0.53203125 0.9277777781250001 0.521875 0.9375 0.51640625 0.9361111109375001 0.5015625 0.91944444375 0.5 0.925 0.53515625 0.9986111109375001 0.6703125 0.9986111109375001 0.67265625 0.9444444437499999 0.68828125 0.872222221875 0.69140625 0.8375 0.6890625 0.8333333328125001 0.6578125 0.88055555625 0.63671875 0.88055555625
0 0.4546875 0.975 0.44921875 0.9861111109375 0.4390625 0.9861111109375 0.42734375 0.9986111109375001 0.4734375 0.9986111109375001 0.46875 0.9666666671874999 0.46640625 0.9625 0.4625 0.9736111109375001 0.4546875 0.975
2 0.303125 0.6291666671875 0.2984375 0.6291666671875 0.29375 0.622222221875 0.28671875 0.6236111109375 0.27890625 0.6375 0.278125 0.6458333328125 0.28125 0.65 0.28203125 0.6625 0.2890625 0.665277778125 0.29140625 0.6736111109375 0.28203125 0.684722221875 0.28515625 0.6875 0.284375 0.690277778125 0.2765625 0.690277778125 0.2734375 0.6805555562500001 0.27734375 0.66944444375 0.27578125 0.665277778125 0.2703125 0.665277778125 0.26640625 0.6736111109375 0.26796875 0.6916666671875 0.275 0.6986111109375 0.28359375 0.6986111109375 0.29609375 0.6888888890625 0.30234375 0.6958333328124999 0.31015625 0.6833333328125 0.31484375 0.6944444437499999 0.32578125 0.6888888890625 0.33203125 0.6958333328124999 0.340625 0.69305555625 0.34921875 0.675 0.34375 0.66944444375 0.34375 0.6541666671875 0.34140625 0.65 0.3359375 0.65 0.33125 0.652777778125 0.33203125 0.6569444437499999 0.328125 0.6611111109375 0.3203125 0.6486111109375 0.33046875 0.6236111109375 0.32890625 0.6166666671875001 0.32265625 0.6166666671875001 0.30859375 0.622222221875 0.303125 0.6291666671875
2 0.39609375 0.64305555625 0.36796875 0.6888888890625 0.36875 0.69305555625 0.39765625 0.65 0.4046875 0.63055555625 0.4046875 0.6236111109375 0.40078125 0.6208333328125 0.39921875 0.6208333328125 0.3953125 0.6333333328124999 0.39609375 0.64305555625