1 0 0.525 0.58359375 0.525 0.59140625 0.51805555625 0.61796875 0.525 0.99921875 0.5208333328125 0.99921875 0.50555555625 0.9 0.5041666671875 0 0.5125 0 0.525
1 0 0.6152777781250001 0.40390625 0.6180555562500001 0.53125 0.6111111109375 0.99921875 0.6111111109375 0.99921875 0.602777778125 0.97890625 0.6013888890625 0.5328125 0.6041666671875 0 0.6083333328125 0 0.6152777781250001
1 0 0.6972222218749999 0.27421875 0.6972222218749999 0.27109375 0.6916666671875 0 0.6916666671875 0 0.6972222218749999
1 0.99921875 0.69305555625 0.99921875 0.6875 0.9953125 0.6861111109375 0.58515625 0.690277778125 0.578125 0.69305555625 0.99921875 0.69305555625
1 0.0484375 0.7819444437499999 0.15703125 0.7833333328125 0.3625 0.7819444437499999 0.4171875 0.775 0.00625 0.7736111109375 0.0078125 0.7791666671875 0.0484375 0.7819444437499999
1 0.821875 0.777777778125 0.99921875 0.775 0.99921875 0.76805555625 0.8140625 0.76944444375 0.8125 0.775 0.821875 0.777777778125
1 0.540625 0.7791666671875 0.62578125 0.775 0.56015625 0.7666666671875 0.5171875 0.7708333328125 0.5171875 0.7763888890625 0.540625 0.7791666671875
1 0.00390625 0.8611111109375 0.0453125 0.8638888890624999 0.28984375 0.8652777781250001 0.31484375 0.8611111109375 0.19140625 0.8513888890624999 0.03125 0.8541666671874999 0.0015625 0.8458333328125001 0 0.8583333328125 0.00390625 0.8611111109375
1 0.83984375 0.8638888890624999 0.87265625 0.8680555562500001 0.99921875 0.8638888890624999 0.99921875 0.85 0.975 0.8444444437499999 0.8796875 0.8444444437499999 0.8359375 0.8541666671874999 0.834375 0.8583333328125 0.83984375 0.8638888890624999
1 0.0046875 0.94305555625 0.11339296875 0.94305555625 0.15 0.95 0.1704296875 0.9444444437499999 0.25 0.94305555625 0.0046875 0.9375 0.00234375 0.9388888890624999 0.0046875 0.94305555625
1 0.8671875 0.94305555625 0.98359375 0.9416666671874999 0.99921875 0.9388888890624999 0.99921875 0.9305555562500001 0.9625 0.925 0.8609375 0.9361111109375001 0.85859375 0.9388888890624999 0.8671875 0.94305555625
0 0.54140625 0.9986111109375001 0.67890625 0.9986111109375001 0.68828125 0.9125 0.696875 0.88055555625 0.70234375 0.840277778125 0.70078125 0.8291666671875 0.696875 0.83055555625 0.675 0.875 0.64609375 0.877777778125 0.6359375 0.890277778125 0.50625 0.9083333328125001 0.49296875 0.875 0.48828125 0.872222221875 0.48984375 0.89444444375 0.54140625 0.9986111109375001
0 0.45234375 0.9986111109375001 0.4828125 0.9986111109375001 0.48203125 0.9625 0.45625 0.984722221875 0.4515625 0.9930555562500001 0.45234375 0.9986111109375001
2 0.275 0.6972222218749999 0.33828125 0.6944444437499999 0.34921875 0.6763888890625 0.34453125 0.66944444375 0.3421875 0.65 0.3265625 0.6388888890625 0.33203125 0.622222221875 0.3265625 0.6166666671875001 0.2859375 0.625 0.26796875 0.66944444375 0.2671875 0.684722221875 0.275 0.6972222218749999
2 0.36875 0.69305555625 0.44453125 0.6944444437499999 0.4546875 0.6763888890625 0.4546875 0.6666666671875 0.446875 0.6541666671875 0.41450859375000004 0.6569444437499999 0.40390625 0.640277778125 0.40390625 0.6236111109375 0.4 0.622222221875 0.39140625 0.6347222218749999 0.36796875 0.6875 0.36875 0.69305555625
3 0.934375 0.3791666671875 0.93515625 0.40833333281249995 0.93984375 0.4236111109375 0.94921875 0.43333333281249997 0.96328125 0.434722221875 0.99921875 0.425 0.99921875 0.33055555625 0.96015625 0.3333333328125 0.9453125 0.3416666671875 0.93046875 0.3625 0.9296875 0.36944444375 0.934375 0.3791666671875